0.11764705882352941
0.2222222222222222
0.1875
0.4444444444444444
1.0
0.25
0.5714285714285714
1.2
0.6923076923076923
0.7647058823529411
0.3333333333333333
1.3333333333333333
0.8
0.6666666666666666
1.0
0.38461538461538464
0.4
0.44
0.6875
2.6666666666666665
0.14814814814814814
0.6666666666666666
0.25
0.5
0.18181818181818182
0.36363636363636365
0.6666666666666666
0.8571428571428571
0.8571428571428571
2.25
0.5
0.75
0.047619047619047616
0.1
0.034482758620689655
0.6666666666666666
0.6
0.5714285714285714
0.75
0.7777777777777778
0.6923076923076923
0.15384615384615385
1.3333333333333333
0.12
1.0
0.03333333333333333
0.2222222222222222
0.6666666666666666
0.6666666666666666
0.7272727272727273
0.23529411764705882
0.8333333333333334
0.375
0.5
0.3333333333333333
1.0
0.2631578947368421
0.625
0.25
1.0
0.5555555555555556
1.3333333333333333
0.16666666666666666
0.07142857142857142
0.08333333333333333
0.029411764705882353
0.75
0.6666666666666666
0.5666666666666667
0.8333333333333334
0.1568627450980392
0.8571428571428571
0.8571428571428571
0.9
0.6
0.6
0.5
0.7857142857142857
0.7142857142857143
0.25
0.08333333333333333
0.7142857142857143
1.2
0.16666666666666666
1.6666666666666667
1.0
0.0
0.7222222222222222
0.25
0.25
0.37037037037037035
0.38461538461538464
0.6
0.5714285714285714
0.6363636363636364
0.42857142857142855
0.5555555555555556
0.25
0.25
0.7384615384615385
0.5625
0.012048192771084338
0.16666666666666666
0.6666666666666666
0.8
0.8
0.26666666666666666
0.5
0.45454545454545453
0.5
1.375
0.5
0.10344827586206896
0.6153846153846154
0.3
0.3333333333333333
0.6666666666666666
0.023255813953488372
0.5
0.36363636363636365
0.2857142857142857
0.2857142857142857
0.6
0.75
0.16666666666666666
0.6666666666666666
0.3333333333333333
0.1875
0.3157894736842105
0.25
0.125
0.6666666666666666
0.6666666666666666
0.64
0.75
0.8
0.3333333333333333
0.5
0.0
0.6666666666666666
0.7142857142857143
0.8
1.3333333333333333
0.8
0.6666666666666666
0.1
0.08
0.4375
0.14285714285714285
0.3181818181818182
0.4
0.25
0.3793103448275862
0.4444444444444444
0.2
0.6
0.07692307692307693
0.13333333333333333
0.6666666666666666
1.0
0.8571428571428571
0.7777777777777778
0.6666666666666666
0.5454545454545454
1.0
0.8571428571428571
0.3333333333333333
0.7142857142857143
0.3333333333333333
0.6
0.6363636363636364
0.6875
0.2
0.6666666666666666
1.0
0.125
0.6666666666666666
0.0
0.5
0.5
0.4444444444444444
0.7333333333333333
0.04
1.0
0.3333333333333333
1.0
0.6
1.0
0.6666666666666666
0.3333333333333333
0.15
0.6666666666666666
0.6666666666666666
0.6666666666666666
0.4444444444444444
1.0
1.0
0.2
0.6
1.0
0.8
1.0
0.25
0.8
1.0
0.4
0.3333333333333333
0.7142857142857143
0.058823529411764705
0.5714285714285714
0.7142857142857143
0.08333333333333333
0.07692307692307693
1.3333333333333333
0.5
0.42857142857142855
0.125
0.875
0.75
0.42105263157894735
0.55
0.08333333333333333
0.6666666666666666
1.0
0.47619047619047616
0.6
0.6666666666666666
0.4444444444444444
1.0
0.8181818181818182
0.4444444444444444
0.75
0.5454545454545454
0.3333333333333333
0.5
0.6
0.6666666666666666
0.6
0.8
0.0
0.631578947368421
0.4
1.0
0.4166666666666667
1.4
0.4444444444444444
0.1111111111111111
0.4444444444444444
0.6
0.05555555555555555
0.6666666666666666
0.2222222222222222
0.46153846153846156
0.75
0.6
0.6
0.5
0.21428571428571427
0.2
0.7
0.7142857142857143
0.3333333333333333
0.24
0.625
0.5714285714285714
0.5
0.5294117647058824
0.8333333333333334
0.125
0.18518518518518517
0.4
0.023255813953488372
0.8
0.0
0.8
0.09090909090909091
0.7272727272727273
0.6111111111111112
0.3333333333333333
0.125
0.5714285714285714
0.6666666666666666
0.6666666666666666
0.4
0.23809523809523808
0.5
0.2222222222222222
0.08333333333333333
1.0
0.3076923076923077
0.3333333333333333
0.5
0.013888888888888888
1.0
0.5
0.42857142857142855
0.6129032258064516
0.15
0.75
0.7837837837837838
0.3333333333333333
0.45
0.4444444444444444
0.14285714285714285
0.1
1.0
0.4
0.25757575757575757
0.5
0.5
0.5
0.5
1.1666666666666667
0.44
0.375
0.6666666666666666
0.005128205128205128
0.5
0.125
0.2
0.4
0.1111111111111111
0.14285714285714285
0.125
0.46153846153846156
1.0
0.6666666666666666
0.42857142857142855
0.3333333333333333
0.09090909090909091
0.3333333333333333
0.3333333333333333
0.04
1.0
0.6666666666666666
0.25
0.0625
0.3333333333333333
0.75
3.0
0.5
0.015625
1.0
0.0
0.42857142857142855
0.6
1.5333333333333334
0.75
0.7
0.6666666666666666
0.037037037037037035
0.25
0.038461538461538464
1.0
0.2
0.3333333333333333
0.7
0.0
0.25
0.8
0.020833333333333332
0.24719101123595505
0.2727272727272727
0.6
0.009345794392523364
0.004761904761904762
0.013333333333333334
0.2857142857142857
0.15
0.4166666666666667
0.027777777777777776
0.47368421052631576
1.3333333333333333
0.5
1.0
0.4782608695652174
0.6666666666666666
1.3333333333333333
0.9
0.4
1.0
0.01818181818181818
1.0
1.0
0.5
0.5625
0.16666666666666666
0.05
1.0
0.5555555555555556
0.5
0.015384615384615385
0.25
0.3103448275862069
0.5714285714285714
1.0
0.6666666666666666
0.375
1.95
0.3888888888888889
0.125
0.09090909090909091
0.5789473684210527
0.38461538461538464
0.5769230769230769
0.012658227848101266
0.5
0.25
0.8571428571428571
0.3333333333333333
0.875
0.38461538461538464
0.0625
1.0
0.4166666666666667
0.1111111111111111
1.368421052631579
1.76
0.05555555555555555
1.5
0.02
0.6875
0.4166666666666667
0.2
1.0
0.045454545454545456
0.6666666666666666
0.7
0.14285714285714285
0.4
0.3333333333333333
0.3333333333333333
0.25
0.3333333333333333
0.6666666666666666
0.75
0.2
0.4117647058823529
0.5
0.5714285714285714
0.5
0.42857142857142855
0.045454545454545456
0.65
0.5
1.3333333333333333
0.6153846153846154
0.8571428571428571
0.375
0.02702702702702703
0.6
0.1
0.6
0.6
0.6
0.05555555555555555
0.75
0.2
0.6666666666666666
0.6666666666666666
0.25
0.25
0.8181818181818182
0.4166666666666667
0.3333333333333333
0.25
1.0
0.7142857142857143
0.45871559633027525
0.6666666666666666
0.9285714285714286
0.125
1.0
0.6
0.75
0.75
0.0625
0.5
0.5
1.0
0.8571428571428571
0.125
0.75
0.6666666666666666
0.3888888888888889
1.0
0.4583333333333333
0.3157894736842105
0.3
0.75
0.0
0.021739130434782608
3.8333333333333335
0.2
0.7777777777777778
1.2
0.47058823529411764
0.5
1.0
0.3888888888888889
1.3333333333333333
0.5714285714285714
1.0
0.9090909090909091
0.5
0.6666666666666666
0.45454545454545453
0.5652173913043478
0.2
0.02702702702702703
0.17391304347826086
0.3684210526315789
0.014084507042253521
0.5
1.0
1.3333333333333333
0.23255813953488372
0.5555555555555556
0.36363636363636365
1.0
0.16
0.8
0.625
0.09090909090909091
0.0
0.3333333333333333
0.21428571428571427
0.2727272727272727
0.75
0.36363636363636365
0.6666666666666666
0.16666666666666666
0.2
0.3333333333333333
0.5384615384615384
0.42857142857142855
0.75
1.3076923076923077
1.0
0.5555555555555556
0.058823529411764705
1.6666666666666667
0.5714285714285714
0.3333333333333333
0.75
1.4
0.42857142857142855
0.25
0.8
0.42857142857142855
0.5357142857142857
0.6666666666666666
0.3333333333333333
0.2692307692307692
0.5714285714285714
0.75
0.0625
0.6153846153846154
0.5
1.25
0.6666666666666666
0.1
0.5
0.42105263157894735
0.8
0.5
0.8333333333333334
0.47368421052631576
0.6875
0.6666666666666666
1.0
0.3333333333333333
1.0
0.1
0.3333333333333333
0.6666666666666666
0.3333333333333333
0.375
0.3333333333333333
0.6666666666666666
1.0
1.0
1.0
1.0
1.0
0.3103448275862069
0.06666666666666667
0.5
1.0
0.3333333333333333
0.2
0.46153846153846156
0.75
0.024390243902439025
0.125
0.5
0.7272727272727273
0.3333333333333333
0.8
0.6
1.0
0.06451612903225806
0.5
0.1
2.2777777777777777
0.09090909090909091
2.2777777777777777
0.75
0.7142857142857143
0.3939393939393939
0.34782608695652173
0.5
0.038461538461538464
0.25
0.14285714285714285
0.25
0.6190476190476191
1.0
0.6428571428571429
0.45454545454545453
0.75
0.75
0.5714285714285714
0.5714285714285714
0.5
1.0
0.01639344262295082
0.6666666666666666
0.02564102564102564
0.4864864864864865
0.05555555555555555
0.05555555555555555
0.5714285714285714
0.6923076923076923
0.041666666666666664
0.5714285714285714
0.1
1.1538461538461537
0.7777777777777778
0.6
0.6666666666666666
0.5
0.5714285714285714
0.25
0.38461538461538464
3.0
0.01639344262295082
0.0
1.0
1.0
1.0
1.25
0.5555555555555556
0.6470588235294118
0.6666666666666666
1.0
0.3333333333333333
0.6
0.6666666666666666
1.0
0.21052631578947367
0.25
0.8333333333333334
0.6666666666666666
0.5555555555555556
0.6
0.47058823529411764
0.07692307692307693
0.09523809523809523
1.1111111111111112
0.6666666666666666
0.5384615384615384
1.0
0.8
0.75
1.0
1.0
0.6
1.0
1.0
1.0
0.42857142857142855
0.4411764705882353
0.4444444444444444
0.8
0.4166666666666667
2.0
4.75
0.6666666666666666
0.6666666666666666
0.07894736842105263
0.631578947368421
0.525
0.8571428571428571
0.2857142857142857
0.5
0.6666666666666666
0.4
0.2
1.2380952380952381
1.0
0.2777777777777778
1.0
0.5
1.0
0.8
0.8571428571428571
0.5833333333333334
0.3333333333333333
0.26666666666666666
0.6153846153846154
0.4
0.4838709677419355
0.6
1.4285714285714286
0.5882352941176471
1.0
0.75
1.6666666666666667
1.0
0.6666666666666666
0.13793103448275862
0.6666666666666666
0.5
0.14285714285714285
0.7142857142857143
1.0
0.7777777777777778
0.8
0.09090909090909091
0.14285714285714285
0.16666666666666666
0.0
0.0
0.6666666666666666
0.6666666666666666
0.3333333333333333
0.06666666666666667
0.16666666666666666
0.26666666666666666
0.2222222222222222
0.4166666666666667
0.4166666666666667
0.14285714285714285
1.5625
0.7
0.25
1.0
0.2
0.47368421052631576
1.5
0.75
0.75
0.6666666666666666
0.3333333333333333
0.3333333333333333
0.3684210526315789
0.029411764705882353
1.0
0.4444444444444444
0.0
0.7142857142857143
1.0
1.0
0.7619047619047619
0.26666666666666666
0.25
0.2857142857142857
0.6363636363636364
0.2631578947368421
0.08333333333333333
0.30434782608695654
0.35135135135135137
0.8
0.3684210526315789
0.46153846153846156
0.4444444444444444
0.2692307692307692
0.25
0.3333333333333333
0.34782608695652173
0.8571428571428571
0.875
0.1875
0.05
0.42105263157894735
1.0
1.0
0.25
0.2222222222222222
0.2857142857142857
0.09090909090909091
0.4375
0.05263157894736842
0.7
0.3333333333333333
2.8333333333333335
0.3333333333333333
0.3333333333333333
0.5
0.6363636363636364
0.5
0.02631578947368421
0.25
0.4
0.4
0.45454545454545453
0.043478260869565216
0.8
0.6666666666666666
1.0
0.5
0.6666666666666666
0.6666666666666666
0.25
0.3333333333333333
0.13333333333333333
0.6666666666666666
0.6153846153846154
0.07575757575757576
0.05555555555555555
0.3333333333333333
0.42857142857142855
0.14285714285714285
1.0
0.5555555555555556
0.75
1.4
1.736842105263158
2.5714285714285716
2.0
0.5
2.090909090909091
0.5
0.1111111111111111
2.090909090909091
0.56
0.7142857142857143
0.4
0.03125
0.3333333333333333
0.3333333333333333
1.0
0.5
0.4074074074074074
0.25
0.5
0.4375
0.4
1.125
0.6666666666666666
0.05263157894736842
0.1111111111111111
0.058823529411764705
0.05263157894736842
0.125
0.16666666666666666
0.3333333333333333
0.3333333333333333
0.15384615384615385
0.5
0.6666666666666666
0.5
0.5263157894736842
0.3333333333333333
0.4
0.005780346820809248
0.3333333333333333
0.7142857142857143
0.6666666666666666
1.0
0.03333333333333333
0.029411764705882353
0.125
0.125
0.058823529411764705
0.5
0.5
1.5
0.3333333333333333
0.625
0.7142857142857143
1.0
1.5
1.0
0.21052631578947367
1.0
0.15789473684210525
0.8
0.4444444444444444
0.75
0.6
0.7272727272727273
0.5555555555555556
0.5
0.625
0.75
0.0
0.14285714285714285
1.3333333333333333
0.5
0.2
1.0
1.0
0.75
0.2222222222222222
0.375
0.4583333333333333
0.08333333333333333
0.8
0.016129032258064516
0.3333333333333333
0.75
0.3333333333333333
1.0
0.5
1.25
1.25
0.1
1.0
1.0
1.0
0.25
0.75
0.6923076923076923
1.875
1.0
0.36363636363636365
0.017857142857142856
0.4
1.25
0.2631578947368421
0.5714285714285714
0.75
0.6666666666666666
0.6666666666666666
2.8181818181818183
0.29411764705882354
0.6666666666666666
0.5
0.6
0.6
0.8333333333333334
0.4444444444444444
1.0
0.5833333333333334
0.5
0.2
0.3333333333333333
0.3333333333333333
0.047619047619047616
0.3333333333333333
1.1666666666666667
0.0
0.5833333333333334
0.17567567567567569
0.5833333333333334
1.0
0.1
2.3333333333333335
1.0
0.5
0.45454545454545453
0.24
0.3333333333333333
0.3333333333333333
0.8064516129032258
0.6
0.5897435897435898
0.3333333333333333
0.3333333333333333
0.25
0.42857142857142855
0.5
1.0
0.5
0.3333333333333333
0.6666666666666666
0.5
0.6666666666666666
0.4
0.8
0.6666666666666666
0.6
0.05263157894736842
1.0
1.0
1.0
1.0
0.23529411764705882
0.8
1.7777777777777777
0.5454545454545454
0.5714285714285714
0.041666666666666664
0.5238095238095238
0.25
0.6666666666666666
0.021739130434782608
0.42857142857142855
0.4444444444444444
0.06666666666666667
0.5263157894736842
0.5
0.1111111111111111
0.6666666666666666
0.625
1.3333333333333333
1.3333333333333333
0.48
0.4
0.0
0.07692307692307693
0.08333333333333333
0.8
0.022222222222222223
0.37777777777777777
0.7142857142857143
0.25
0.2
0.6666666666666666
0.5
0.8888888888888888
0.3333333333333333
0.2
1.75
0.25
3.6666666666666665
2.2
0.05555555555555555
0.16666666666666666
0.16666666666666666
0.25
0.3333333333333333
0.4117647058823529
0.5714285714285714
0.3333333333333333
0.5
0.022222222222222223
0.3333333333333333
0.125
0.3333333333333333
0.1111111111111111
0.022727272727272728
0.1
0.5833333333333334
0.1111111111111111
0.7777777777777778
0.6428571428571429
0.5
0.6666666666666666
0.6428571428571429
0.1111111111111111
0.16666666666666666
0.16666666666666666
0.875
0.75
0.7272727272727273
0.5555555555555556
0.75
0.7333333333333333
0.56
1.0
1.8333333333333333
0.375
4.75
0.631578947368421
0.7142857142857143
0.6
1.0
0.8
0.75
2.5
0.6
0.875
0.7142857142857143
0.45454545454545453
0.4
0.36
0.2
0.16666666666666666
0.8
0.8
0.1
0.5
1.0
0.4444444444444444
1.0
1.0
0.5
1.0
0.0
0.5
0.047619047619047616
0.3333333333333333
1.0
0.25
0.15789473684210525
0.6
0.14285714285714285
1.0
0.6
1.0
0.6666666666666666
0.7
1.25
0.8888888888888888
0.6666666666666666
0.3333333333333333
1.0
0.0625
0.6666666666666666
0.3333333333333333
0.7142857142857143
0.3333333333333333
0.6774193548387096
0.6333333333333333
0.48484848484848486
0.7647058823529411
0.391304347826087
0.8
0.8
0.6086956521739131
0.1
0.0625
0.5
0.022727272727272728
0.15384615384615385
0.18181818181818182
0.5714285714285714
0.42857142857142855
0.75
1.0
0.8888888888888888
0.5555555555555556
0.014084507042253521
0.8
0.0660377358490566
0.2222222222222222
0.05263157894736842
0.14285714285714285
0.6363636363636364
0.1111111111111111
0.18181818181818182
0.25
0.25
0.5
0.6666666666666666
0.5833333333333334
0.5454545454545454
0.3333333333333333
0.09090909090909091
0.625
0.75
1.3333333333333333
0.3333333333333333
0.09090909090909091
1.0
0.8
0.125
0.6666666666666666
0.05555555555555555
0.2
0.5238095238095238
0.328125
1.3333333333333333
1.0
0.6153846153846154
0.6
0.5714285714285714
0.4
0.5714285714285714
0.5
0.5384615384615384
0.5
0.4166666666666667
1.0
0.2
0.22727272727272727
0.5806451612903226
0.5789473684210527
0.6666666666666666
0.6666666666666666
0.3023255813953488
0.5833333333333334
0.5909090909090909
0.3333333333333333
0.25
0.47058823529411764
0.3333333333333333
0.043478260869565216
0.4166666666666667
0.5
0.5
0.3333333333333333
0.04
0.4444444444444444
0.7
0.014705882352941176
5.333333333333333
0.75
0.09090909090909091
0.8
1.0
0.1111111111111111
0.14285714285714285
0.07692307692307693
0.6
0.6
0.42105263157894735
0.34
0.15384615384615385
1.1538461538461537
0.5833333333333334
0.6666666666666666
0.3333333333333333
0.6
0.7777777777777778
0.4444444444444444
0.2857142857142857
1.34375
1.0
1.75
0.25
4.0
0.8333333333333334
0.8
0.6363636363636364
2.0
0.16
0.05555555555555555
0.46875
0.6
0.5555555555555556
1.0
0.6428571428571429
0.45454545454545453
0.625
0.5
0.3333333333333333
0.5
0.6666666666666666
1.25
1.3333333333333333
0.9444444444444444
0.8125
0.16666666666666666
0.2
0.7142857142857143
0.5625
0.3333333333333333
0.2
0.3333333333333333
0.10784313725490197
0.6666666666666666
1.4
0.3333333333333333
0.125
0.5
0.022727272727272728
0.02702702702702703
0.08333333333333333
0.8181818181818182
0.4666666666666667
1.3333333333333333
0.5833333333333334
1.5384615384615385
0.4
0.125
0.08333333333333333
0.75
0.6666666666666666
1.0
0.1111111111111111
1.0
0.8
0.5714285714285714
0.14285714285714285
0.14285714285714285
0.5555555555555556
0.6153846153846154
0.6666666666666666
0.3333333333333333
0.6666666666666666
0.75
0.0625
0.375
0.5
0.42857142857142855
0.6666666666666666
0.8571428571428571
0.16666666666666666
0.75
1.0
0.6666666666666666
0.5882352941176471
0.36363636363636365
0.8
0.02040816326530612
0.1875
0.3157894736842105
0.4
1.2
0.04
0.09090909090909091
0.010638297872340425
0.4444444444444444
0.8947368421052632
0.5625
0.8888888888888888
0.5
1.0
0.125
0.375
0.3333333333333333
0.9090909090909091
0.6
0.5161290322580645
0.38571428571428573
1.0
0.36
0.2777777777777778
0.4117647058823529
0.8888888888888888
0.6666666666666666
0.4230769230769231
1.6666666666666667
0.5
0.5555555555555556
0.75
0.6666666666666666
0.625
1.0
0.75
1.0
0.4166666666666667
0.6666666666666666
0.5333333333333333
0.2
0.2
0.012345679012345678
0.8
0.05263157894736842
0.6666666666666666
0.6666666666666666
0.8571428571428571
0.8
0.7777777777777778
0.5416666666666666
0.6666666666666666
0.4444444444444444
0.6666666666666666
0.6
0.7272727272727273
0.5714285714285714
0.42857142857142855
0.03333333333333333
1.0
0.6666666666666666
0.5555555555555556
1.0
2.0
0.8333333333333334
0.2
0.16666666666666666
0.4666666666666667
0.2571428571428571
0.5833333333333334
1.0
0.5
0.375
0.4375
1.0
0.8767123287671232
0.875
1.0
0.5714285714285714
0.06666666666666667
0.5714285714285714
0.2
0.5
1.0
0.7272727272727273
0.3125
0.875
0.8181818181818182
0.0
0.6666666666666666
0.6666666666666666
0.08695652173913043
0.7142857142857143
0.4166666666666667
0.75
1.25
0.5833333333333334
0.5555555555555556
0.6
0.6
0.6
0.6
0.6
0.2972972972972973
0.7142857142857143
1.0
3.6666666666666665
0.3333333333333333
0.5625
0.6818181818181818
0.42857142857142855
0.4166666666666667
0.23809523809523808
0.2
0.7142857142857143
0.5625
0.25
0.25
0.05263157894736842
1.0
0.75
0.75
0.16666666666666666
0.12698412698412698
0.375
0.56
1.0
0.3
0.42857142857142855
0.75
1.0
1.0
1.0
0.5384615384615384
0.7272727272727273
0.4482758620689655
1.0
1.0
0.24390243902439024
0.17857142857142858
0.25
0.125
0.125
0.8333333333333334
0.5238095238095238
0.5238095238095238
0.56
1.0
1.0
0.5833333333333334
0.4444444444444444
1.0
0.5833333333333334
0.2727272727272727
0.03225806451612903
0.17391304347826086
0.14285714285714285
0.4444444444444444
0.4
0.0
0.4
0.45454545454545453
0.2
0.6666666666666666
0.0
0.6470588235294118
1.0
0.4444444444444444
0.4782608695652174
0.16363636363636364
0.75
0.4
0.4
1.0
0.0
0.5
0.6153846153846154
0.0
0.6666666666666666
1.0
0.8
0.45454545454545453
0.3333333333333333
0.6666666666666666
2.5294117647058822
0.030303030303030304
0.16666666666666666
0.6666666666666666
0.8
1.125
1.0
0.45454545454545453
0.6
0.1
0.1111111111111111
0.16666666666666666
1.0
0.35714285714285715
0.9
0.8
0.4
0.5555555555555556
0.6666666666666666
0.2
1.0
0.4166666666666667
0.2727272727272727
0.6666666666666666
1.0
0.3333333333333333
0.05555555555555555
0.42857142857142855
0.5
0.3333333333333333
0.5555555555555556
0.25
1.0
0.8
0.46153846153846156
0.6666666666666666
0.6666666666666666
0.6
0.3333333333333333
0.3125
0.2857142857142857
0.25
0.4444444444444444
0.5555555555555556
0.8
0.75
0.375
0.3157894736842105
0.7058823529411765
0.375
0.5
0.8
0.8
0.6666666666666666
1.2
0.75
0.8571428571428571
0.75
0.7142857142857143
1.375
0.14285714285714285
0.5714285714285714
0.6
0.25
0.8181818181818182
0.6
0.02127659574468085
0.7
0.6666666666666666
0.6666666666666666
0.8333333333333334
0.5714285714285714
0.0
0.5384615384615384
0.1111111111111111
0.25
0.7272727272727273
0.4166666666666667
0.6666666666666666
0.6666666666666666
0.6666666666666666
0.5
2.6666666666666665
0.5
0.125
0.3333333333333333
0.25
0.3333333333333333
0.3333333333333333
0.4
0.6666666666666666
0.42857142857142855
0.2962962962962963
0.3333333333333333
0.42857142857142855
1.0
0.8333333333333334
0.5
0.5
0.25
1.0
0.5
0.16666666666666666
0.6666666666666666
0.875
0.4482758620689655
0.6
0.5714285714285714
0.52
0.8571428571428571
0.8
0.5
0.16666666666666666
0.6
0.38461538461538464
0.2702702702702703
0.8333333333333334
0.6666666666666666
0.6666666666666666
1.0
0.3333333333333333
0.12
0.027777777777777776
1.0
1.0
0.3333333333333333
0.6
0.8333333333333334
0.8333333333333334
0.6666666666666666
0.6
1.0
1.1666666666666667
1.3333333333333333
0.4
1.0
0.5
0.5555555555555556
0.375
1.0
0.2222222222222222
0.2
0.5
1.0
0.8333333333333334
0.43333333333333335
0.5555555555555556
0.6666666666666666
0.8
0.9090909090909091
0.6111111111111112
0.625
0.5
0.6666666666666666
0.45454545454545453
0.5294117647058824
0.6666666666666666
0.75
0.25
0.05555555555555555
1.0
1.4
0.4444444444444444
0.75
0.2857142857142857
0.5833333333333334
0.3333333333333333
0.5
0.6666666666666666
0.25
0.25
0.625
0.5
0.5714285714285714
1.0
1.0
0.5
1.0
0.2857142857142857
0.3125
1.0
0.125
0.045454545454545456
0.25
0.4444444444444444
0.14285714285714285
0.16666666666666666
1.25
1.0
0.6
1.0
0.6
0.3
0.0
0.2727272727272727
0.2727272727272727
0.46153846153846156
1.0
0.8
0.8181818181818182
1.0
0.14285714285714285
0.375
0.11428571428571428
1.0
0.6666666666666666
0.0
1.4
0.8
1.0
1.0
0.8571428571428571
0.6666666666666666
1.0
0.08333333333333333
1.0
0.015873015873015872
0.6666666666666666
0.8333333333333334
0.5
1.0
1.0
0.125
0.03571428571428571
0.3709677419354839
0.5
1.0
0.6428571428571429
0.5294117647058824
0.8
0.5
0.8
0.375
0.75
0.25
0.625
0.8571428571428571
0.6666666666666666
1.0
0.4
0.7142857142857143
0.6666666666666666
0.16666666666666666
0.8333333333333334
0.75
0.5
0.043478260869565216
0.5714285714285714
0.016666666666666666
1.3333333333333333
1.0
1.3333333333333333
0.6666666666666666
0.3333333333333333
0.42857142857142855
0.2608695652173913
0.3333333333333333
3.6
0.42857142857142855
0.35
1.0
1.0
0.8571428571428571
0.01818181818181818
0.5
0.9090909090909091
0.2
0.1
1.0
1.0
0.5
0.75
0.5
0.75
0.13636363636363635
0.5
0.0136986301369863
0.4166666666666667
0.037037037037037035
1.0
0.6666666666666666
0.9090909090909091
0.3333333333333333
0.6666666666666666
0.6
0.3333333333333333
0.6666666666666666
0.5
0.6666666666666666
0.7142857142857143
0.8333333333333334
0.625
0.75
0.4
0.4
0.11764705882352941
0.125
1.0
0.2727272727272727
0.5714285714285714
2.2
0.3333333333333333
1.0
0.625
0.3333333333333333
0.6
0.4
1.0
0.375
1.0
0.5
0.3333333333333333
0.05714285714285714
1.6666666666666667
1.4
2.3333333333333335
2.5
0.7777777777777778
0.6666666666666666
0.2631578947368421
0.5
0.6
0.10526315789473684
1.0
0.6666666666666666
0.14285714285714285
0.25
0.625
0.07692307692307693
1.3333333333333333
0.25
0.2
1.0
0.875
0.010416666666666666
0.3333333333333333
0.25
0.5555555555555556
0.6
0.14285714285714285
0.07142857142857142
0.7142857142857143
1.0
0.625
0.3870967741935484
0.8571428571428571
0.2
0.75
1.0
0.5
0.5238095238095238
0.6666666666666666
0.625
1.0
0.4444444444444444
0.4375
3.3333333333333335
3.3333333333333335
0.08333333333333333
0.6
0.14285714285714285
0.5714285714285714
0.8
0.3333333333333333
0.1111111111111111
0.0
0.009708737864077669
0.045454545454545456
0.0625
0.8
0.6521739130434783
0.6666666666666666
0.3333333333333333
0.4
0.5
0.3333333333333333
0.5
0.1111111111111111
0.6896551724137931
1.0
0.47619047619047616
0.7142857142857143
0.5
0.5
0.47619047619047616
0.7142857142857143
0.1111111111111111
0.11764705882352941
1.7692307692307692
1.1666666666666667
0.4
0.5
0.045454545454545456
0.6666666666666666
1.0
0.7777777777777778
1.0
0.5
0.6
0.5714285714285714
1.0
0.3333333333333333
0.6
0.6428571428571429
0.30434782608695654
0.2
0.16666666666666666
0.5
0.6
0.5
0.15384615384615385
0.75
0.0
0.26666666666666666
0.5
0.5
0.2
0.75
0.6666666666666666
1.0
0.6666666666666666
1.1304347826086956
1.6666666666666667
0.42857142857142855
0.16666666666666666
0.2
0.8181818181818182
0.5
1.0
0.23529411764705882
1.0
0.3333333333333333
0.16666666666666666
0.7142857142857143
0.5
0.46153846153846156
0.5454545454545454
1.0
1.0
0.45454545454545453
0.4
0.5
0.631578947368421
0.5
0.6
0.6666666666666666
0.75
0.5
1.25
1.25
1.5
0.6666666666666666
0.3125
1.0
0.3333333333333333
0.3333333333333333
0.2
0.25
0.6
0.8
0.23529411764705882
0.36363636363636365
0.6428571428571429
0.10526315789473684
1.0
0.75
0.5
0.5833333333333334
0.6666666666666666
0.75
0.6666666666666666
0.6666666666666666
0.75
0.8333333333333334
0.375
0.5
0.14285714285714285
0.2
0.02197802197802198
1.8333333333333333
0.5
1.6666666666666667
1.8333333333333333
0.375
0.05555555555555555
0.07692307692307693
0.2
0.4
0.75
0.75
0.8333333333333334
0.8333333333333334
1.0
0.7142857142857143
0.4444444444444444
0.5555555555555556
0.9230769230769231
1.0
0.5714285714285714
0.5
0.0
0.45454545454545453
0.6666666666666666
0.42857142857142855
0.6666666666666666
0.42857142857142855
1.0
0.2857142857142857
0.75
0.0
0.75
0.375
0.3333333333333333
0.42105263157894735
0.4
1.0833333333333333
0.5
0.7777777777777778
0.05
0.375
0.05263157894736842
0.3333333333333333
0.6666666666666666
0.5882352941176471
0.3333333333333333
0.3333333333333333
0.3333333333333333
0.25
0.2
0.2222222222222222
0.029411764705882353
0.625
0.6
0.45454545454545453
0.1
0.0
0.0
0.0
0.5
0.25
0.9
0.6666666666666666
1.0
0.75
0.3333333333333333
0.07142857142857142
1.0
0.06666666666666667
1.4285714285714286
0.7058823529411765
0.35294117647058826
1.1428571428571428
0.8571428571428571
0.5517241379310345
1.0
0.625
0.5
0.3
0.6153846153846154
0.5
0.6666666666666666
0.5789473684210527
0.75
0.36363636363636365
0.75
0.7777777777777778
1.0
1.2
0.0
0.5454545454545454
0.5
0.7692307692307693
1.1666666666666667
1.0
0.3333333333333333
0.05
0.05263157894736842
0.3333333333333333
0.16666666666666666
0.2
0.3125
0.5384615384615384
0.21621621621621623
0.8
1.0
0.016129032258064516
0.15789473684210525
0.3333333333333333
0.2
0.5
0.75
0.06666666666666667
1.0
0.4166666666666667
0.4166666666666667
0.16666666666666666
0.07407407407407407
0.6
0.3333333333333333
0.14705882352941177
0.15625
0.15789473684210525
0.875
1.0
0.625
0.14285714285714285
0.18181818181818182
0.0
0.3617021276595745
0.2
1.0
1.0
1.0
0.75
0.8
0.5
0.030303030303030304
0.3333333333333333
0.42857142857142855
0.5
1.0
0.21428571428571427
0.6857142857142857
0.125
0.1
0.75
0.5
1.0
1.0
0.6666666666666666
0.4444444444444444
1.0
0.8571428571428571
0.5
0.5
1.1428571428571428
1.0
1.0
0.6923076923076923
0.45454545454545453
0.6666666666666666
0.7333333333333333
0.7096774193548387
0.5319148936170213
0.125
0.09090909090909091
0.5
0.5294117647058824
0.6666666666666666
0.4
0.8333333333333334
0.45454545454545453
0.4
0.6666666666666666
0.1
0.5
0.6666666666666666
0.2777777777777778
0.8235294117647058
0.043478260869565216
0.125
0.375
0.5
0.3191489361702128
1.0
0.42857142857142855
1.4
0.125
1.0
1.0
1.0
0.625
0.7142857142857143
1.0
1.0
0.85
0.6428571428571429
0.15789473684210525
0.18181818181818182
0.5
0.6666666666666666
0.5526315789473685
0.6666666666666666
1.0
0.5
0.21621621621621623
0.7
0.625
0.5714285714285714
1.0
0.5
0.30434782608695654
0.6470588235294118
0.125
1.0
0.5
1.0
0.14285714285714285
0.8888888888888888
0.047619047619047616
0.05555555555555555
0.2
0.045454545454545456
0.42857142857142855
0.05555555555555555
0.3225806451612903
0.7368421052631579
0.8
0.038461538461538464
0.3333333333333333
3.1666666666666665
0.3870967741935484
0.425
0.04
0.6666666666666666
0.6666666666666666
0.5714285714285714
0.75
0.5714285714285714
1.0
1.0
0.5
0.25
0.45454545454545453
0.4375
0.75
0.5161290322580645
0.25
1.2857142857142858
0.06666666666666667
0.14285714285714285
0.6666666666666666
0.5
0.7142857142857143
0.5
0.16666666666666666
0.2857142857142857
0.05
0.375
0.25
0.2
0.05555555555555555
0.3333333333333333
0.5
0.375
0.2222222222222222
0.3333333333333333
0.5555555555555556
0.6666666666666666
0.45454545454545453
0.5
0.5333333333333333
0.75
0.058823529411764705
0.6666666666666666
0.5357142857142857
0.4074074074074074
0.6
0.037037037037037035
0.16666666666666666
0.4444444444444444
0.6666666666666666
0.0
0.14285714285714285
0.09090909090909091
0.058823529411764705
0.03125
0.6666666666666666
0.25
0.5833333333333334
0.35294117647058826
0.6666666666666666
0.6666666666666666
0.3333333333333333
0.6923076923076923
0.25
0.3333333333333333
0.4090909090909091
0.5833333333333334
0.45454545454545453
0.6153846153846154
0.8888888888888888
0.25
0.25
0.23076923076923078
0.3333333333333333
0.8
0.3333333333333333
1.0
0.3333333333333333
1.0
1.0
1.0
0.4
0.0
0.3333333333333333
0.875
0.25
0.09090909090909091
0.6666666666666666
0.45454545454545453
0.6666666666666666
1.0
0.9
0.2857142857142857
0.2857142857142857
0.45454545454545453
0.39473684210526316
0.75
0.6
0.5714285714285714
0.1875
0.42857142857142855
0.7
0.8333333333333334
0.6363636363636364
0.3076923076923077
0.6
0.14285714285714285
1.0
0.375
0.6
0.3333333333333333
0.25
0.625
0.8571428571428571
1.0
0.8571428571428571
0.8
1.4
0.2
0.08823529411764706
0.07142857142857142
0.1
0.6666666666666666
0.55
0.09090909090909091
0.18181818181818182
0.7857142857142857
0.4642857142857143
1.0
0.3333333333333333
0.8
0.75
0.4444444444444444
0.06666666666666667
0.13333333333333333
1.0
0.6363636363636364
0.6363636363636364
0.6666666666666666
1.2
2.21875
0.8846153846153846
1.2
0.38461538461538464
0.5
0.041666666666666664
0.6666666666666666
0.6666666666666666
0.25
0.5555555555555556
0.5
0.45454545454545453
0.4
0.42857142857142855
0.3333333333333333
0.3125
0.6666666666666666
0.5555555555555556
2.75
0.04
0.1
0.10714285714285714
0.8571428571428571
0.1111111111111111
0.6
0.16666666666666666
0.2
0.3333333333333333
0.6666666666666666
0.6
0.625
0.625
0.5
1.0
0.36363636363636365
0.2
1.0
0.07692307692307693
1.0
0.034482758620689655
0.3333333333333333
0.7272727272727273
0.6666666666666666
0.5454545454545454
0.5
0.8
0.08333333333333333
1.0
0.4090909090909091
0.3333333333333333
0.3333333333333333
0.3333333333333333
0.0
0.8
0.4
0.6666666666666666
0.0625
0.5
0.8
0.3333333333333333
0.4782608695652174
0.16666666666666666
0.03571428571428571
0.05263157894736842
0.375
0.5
0.5384615384615384
0.0
0.6
0.7272727272727273
0.5333333333333333
0.6666666666666666
0.6666666666666666
0.8333333333333334
0.21052631578947367
0.5714285714285714
1.0
0.46153846153846156
0.02564102564102564
0.3333333333333333
0.42857142857142855
0.6363636363636364
0.3333333333333333
0.8
0.8
0.8333333333333334
1.8
0.6842105263157895
0.5
0.5384615384615384
0.6666666666666666
0.47058823529411764
0.6666666666666666
0.0
0.6
0.42857142857142855
1.0
0.3333333333333333
0.5714285714285714
0.3684210526315789
0.7142857142857143
0.42105263157894735
0.5652173913043478
0.6
1.0
0.09090909090909091
0.2
0.5
0.7777777777777778
0.6666666666666666
0.5555555555555556
0.7777777777777778
0.6666666666666666
0.03225806451612903
0.6666666666666666
0.5
0.38461538461538464
0.375
0.14285714285714285
0.125
1.0
1.0
1.0
1.0
0.4
0.25
1.0
0.2
0.4
0.6666666666666666
0.6666666666666666
1.0
0.10344827586206896
0.25
0.6
0.3333333333333333
0.3333333333333333
1.0
0.3076923076923077
1.25
0.5
0.3333333333333333
0.3333333333333333
0.3333333333333333
0.3333333333333333
0.5
0.5
0.4
0.6666666666666666
0.6
0.17391304347826086
1.0
1.0
1.0
0.1935483870967742
0.0
0.3333333333333333
0.6666666666666666
0.7857142857142857
0.9
1.0
1.0
0.1206896551724138
0.2222222222222222
1.0
0.32142857142857145
0.125
1.0
0.012987012987012988
0.625
0.5454545454545454
1.0
0.42857142857142855
0.5384615384615384
1.0
1.25
1.1428571428571428
0.013513513513513514
0.4444444444444444
0.058823529411764705
0.09090909090909091
0.0625
0.07692307692307693
1.0
0.18181818181818182
0.14285714285714285
0.36
0.7272727272727273
0.8333333333333334
1.0
0.3333333333333333
0.6666666666666666
0.6666666666666666
0.6666666666666666
0.7777777777777778
0.8333333333333334
0.75
0.05
0.5
0.8
0.3333333333333333
0.6666666666666666
0.875
0.0625
0.08333333333333333
0.8888888888888888
0.6666666666666666
0.5333333333333333
1.7142857142857142
0.8
0.3333333333333333
0.6666666666666666
0.8
0.8888888888888888
0.6
0.75
1.0
0.2
0.5666666666666667
0.25
0.75
0.14285714285714285
0.1
0.6666666666666666
1.8888888888888888
0.2857142857142857
0.6666666666666666
0.8
0.56
0.015873015873015872
14.285714285714286
0.6
0.014492753623188406
1.4285714285714286
0.6666666666666666
0.46153846153846156
0.6666666666666666
0.3333333333333333
0.7142857142857143
0.05
0.6666666666666666
0.6666666666666666
0.5
1.0
0.4375
0.6666666666666666
0.3333333333333333
0.6666666666666666
0.5714285714285714
0.7
0.5714285714285714
0.7777777777777778
0.6666666666666666
0.01818181818181818
0.6666666666666666
0.6666666666666666
0.6111111111111112
0.2
0.43333333333333335
0.125
1.0
1.0
0.5
0.6666666666666666
1.0
0.3333333333333333
0.24
0.7777777777777778
0.5333333333333333
0.5714285714285714
0.043478260869565216
1.25
0.75
0.7333333333333333
0.5789473684210527
0.5
0.6666666666666666
0.5625
0.5555555555555556
0.25
0.75
0.6666666666666666
0.6666666666666666
0.43478260869565216
0.3333333333333333
0.02702702702702703
0.05
0.3333333333333333
0.7777777777777778
0.1
0.6666666666666666
0.6666666666666666
1.0
0.6666666666666666
0.8
1.2658227848101267
0.009523809523809525
0.25
0.6
1.0
0.2894736842105263
0.6363636363636364
0.020833333333333332
0.25
1.0
0.6
0.3333333333333333
1.0
0.2
0.75
0.5897435897435898
0.5
0.6666666666666666
0.3333333333333333
0.5
0.5
0.05263157894736842
0.08333333333333333
1.0
0.07692307692307693
0.5
0.041666666666666664
0.8
0.75
0.3333333333333333
0.3333333333333333
0.5714285714285714
0.09090909090909091
0.8
0.8
0.15789473684210525
0.25
0.25
0.3333333333333333
0.4
0.6363636363636364
0.4
0.1875
0.3125
0.2727272727272727
1.0
1.1428571428571428
0.5
0.38235294117647056
0.6363636363636364
0.1111111111111111
1.0
0.6666666666666666
1.0
1.0
1.0
1.0
0.4166666666666667
0.25
0.25
0.3333333333333333
0.42857142857142855
0.25
1.0
1.0
0.42857142857142855
0.6
0.06666666666666667
0.7142857142857143
0.1
0.7777777777777778
0.2222222222222222
1.0
0.6428571428571429
0.35714285714285715
0.8333333333333334
0.21739130434782608
0.2857142857142857
0.6666666666666666
0.5
0.6666666666666666
0.75
0.5
0.6666666666666666
0.75
0.75
0.8
0.6818181818181818
0.4482758620689655
0.013513513513513514
0.4411764705882353
0.018867924528301886
0.6
0.4358974358974359
0.037037037037037035
0.5357142857142857
0.25
0.14285714285714285
1.3333333333333333
1.3333333333333333
0.5833333333333334
1.6666666666666667
0.4444444444444444
0.5454545454545454
0.3333333333333333
0.42857142857142855
0.625
0.5
0.5555555555555556
0.5
0.3333333333333333
0.3333333333333333
0.47058823529411764
0.75
0.625
0.5714285714285714
0.3333333333333333
0.7142857142857143
0.8333333333333334
0.8333333333333334
0.4
0.4444444444444444
0.38461538461538464
0.5555555555555556
0.6666666666666666
0.8333333333333334
0.8571428571428571
0.2857142857142857
0.4
1.3333333333333333
1.25
1.5714285714285714
0.29411764705882354
0.3333333333333333
0.36363636363636365
0.6666666666666666
0.5714285714285714
0.2631578947368421
0.125
0.0
0.2
0.2
0.2
0.2
3.0
0.1111111111111111
0.6470588235294118
0.42105263157894735
0.42857142857142855
2.4
0.2857142857142857
1.0
1.0
0.5714285714285714
0.03125
0.45454545454545453
0.6666666666666666
0.6111111111111112
0.3333333333333333
0.5555555555555556
1.0
0.6666666666666666
0.25
0.024390243902439025
0.5714285714285714
1.0
1.0
0.0
0.5454545454545454
0.5
0.55
0.08823529411764706
0.15384615384615385
0.8
0.7
0.75
0.6666666666666666
0.6666666666666666
0.2
0.09090909090909091
0.4
0.5
0.3333333333333333
0.09090909090909091
0.875
0.5333333333333333
0.016129032258064516
1.0
1.0
0.2
0.16666666666666666
0.08333333333333333
0.14285714285714285
0.6
1.0
0.6
0.6153846153846154
0.3333333333333333
0.5
0.3333333333333333
0.5
0.3333333333333333
0.5714285714285714
0.5
0.4444444444444444
1.0
0.4166666666666667
0.3125
1.0
0.02857142857142857
0.3333333333333333
0.16
0.6923076923076923
0.2
0.6666666666666666
0.7142857142857143
0.0
0.3333333333333333
0.8571428571428571
1.0
0.3076923076923077
0.4074074074074074
0.6666666666666666
1.0
0.6666666666666666
0.7142857142857143
1.0
1.0
0.5
0.2
0.8888888888888888
0.5555555555555556
0.6666666666666666
0.5
0.5625
0.1
0.6785714285714286
0.03571428571428571
0.07407407407407407
0.16666666666666666
0.2
0.1
0.3
0.3333333333333333
0.6666666666666666
0.2
0.037037037037037035
0.42857142857142855
0.55
0.04
0.5
0.5
1.0
0.06896551724137931
0.0625
0.5714285714285714
0.9
1.1666666666666667
0.8
0.6428571428571429
0.16666666666666666
0.25
0.8
0.6666666666666666
0.0
0.25
1.0
1.0
0.25
0.8181818181818182
0.3333333333333333
0.75
0.3333333333333333
0.07692307692307693
0.1
0.0625
0.11764705882352941
0.10256410256410256
0.6
0.36363636363636365
0.3333333333333333
0.375
1.0
0.8
0.3888888888888889
0.2777777777777778
0.038461538461538464
1.0
1.0
1.25
0.21739130434782608
0.4
0.3333333333333333
0.4
0.5
0.25
0.3888888888888889
0.3076923076923077
0.125
0.125
0.4444444444444444
0.6363636363636364
0.6818181818181818
1.0
1.0
0.1111111111111111
0.5
0.3333333333333333
0.6
0.42857142857142855
0.3333333333333333
0.3333333333333333
0.7777777777777778
0.7777777777777778
0.09090909090909091
0.2727272727272727
0.125
0.375
1.0
0.6666666666666666
0.6666666666666666
0.6666666666666666
0.125
1.0
0.75
0.6666666666666666
0.3333333333333333
0.1111111111111111
1.0
0.6666666666666666
1.0
0.1111111111111111
0.05
0.15384615384615385
0.42857142857142855
0.5
1.65
0.2857142857142857
0.2
0.2857142857142857
0.4444444444444444
0.6
0.08333333333333333
0.2
0.2
0.3333333333333333
0.4583333333333333
0.38095238095238093
0.75
0.75
0.6666666666666666
0.14285714285714285
1.0
0.061224489795918366
0.5555555555555556
0.9
0.10526315789473684
0.02631578947368421
0.2
0.18518518518518517
0.7777777777777778
1.0
1.1428571428571428
0.5
0.25
0.7142857142857143
0.5
0.8
0.7222222222222222
0.6666666666666666
0.6666666666666666
1.0
0.8888888888888888
0.0
0.2
0.6666666666666666
1.3333333333333333
1.3333333333333333
0.8
1.0
0.2
1.125
0.55
0.058823529411764705
0.46153846153846156
0.5555555555555556
1.0
0.7142857142857143
0.75
0.0
1.0
1.0
1.0
1.0
1.3333333333333333
0.6
1.0
0.6111111111111112
1.0
0.8
0.3333333333333333
0.6363636363636364
0.03225806451612903
0.3333333333333333
0.7142857142857143
0.125
0.7272727272727273
0.0
0.1
0.5079365079365079
0.03225806451612903
0.08823529411764706
0.375
0.038461538461538464
0.8571428571428571
0.6666666666666666
0.25
0.4
0.47368421052631576
0.030303030303030304
0.7272727272727273
0.5833333333333334
1.25
0.4375
1.0
0.625
1.0
0.1
0.75
0.8
0.8
0.6
1.25
0.375
0.6
0.55
1.0
1.0
0.14285714285714285
0.6666666666666666
0.2
1.0
0.5454545454545454
0.3333333333333333
0.375
0.4
0.09090909090909091
0.1111111111111111
0.7142857142857143
0.4375
0.7692307692307693
0.25
0.75
0.5217391304347826
1.0
1.0
1.6666666666666667
0.125
0.8333333333333334
1.0
0.21428571428571427
0.2
0.8
0.009433962264150943
1.0
0.2
0.16666666666666666
0.45454545454545453
0.6666666666666666
1.1666666666666667
1.2
0.75
0.0
0.09090909090909091
0.7727272727272727
1.09375
0.2
0.5
1.951219512195122
0.8333333333333334
0.6363636363636364
0.6111111111111112
0.125
0.2727272727272727
0.125
0.6666666666666666
0.3333333333333333
0.4
0.6666666666666666
0.4444444444444444
0.5555555555555556
0.23076923076923078
0.3333333333333333
0.0625
0.1111111111111111
0.4166666666666667
0.034482758620689655
0.16666666666666666
0.25
0.75
0.38461538461538464
1.1666666666666667
0.14285714285714285
0.4
1.25
0.75
0.8888888888888888
0.6666666666666666
0.75
0.4
0.875
0.3783783783783784
1.0
1.0
0.125
0.047619047619047616
0.041666666666666664
0.5
0.0
0.6923076923076923
0.15384615384615385
0.875
0.5
0.3333333333333333
0.6363636363636364
0.5333333333333333
0.6818181818181818
0.6666666666666666
1.1666666666666667
0.6666666666666666
0.6666666666666666
0.5454545454545454
0.75
0.5714285714285714
0.42857142857142855
0.3333333333333333
0.5
0.045454545454545456
0.09090909090909091
0.038461538461538464
0.5172413793103449
1.0
0.18
0.5714285714285714
0.5454545454545454
0.375
0.2
0.625
0.04
0.375
0.022727272727272728
0.7142857142857143
0.6
0.6666666666666666
0.1
0.1111111111111111
0.8333333333333334
0.32894736842105265
0.75
0.07692307692307693
0.6666666666666666
0.625
0.6666666666666666
0.16666666666666666
0.20952380952380953
0.3333333333333333
0.6923076923076923
0.5555555555555556
0.5
0.4
0.6
0.2
0.8
0.25
1.3333333333333333
0.8333333333333334
0.8333333333333334
0.0625
1.0
0.8
0.5833333333333334
0.16666666666666666
0.6666666666666666
0.7777777777777778
0.7142857142857143
0.7
0.375
0.5
1.0
0.6551724137931034
0.17647058823529413
0.16666666666666666
0.8
1.8
0.14285714285714285
0.05
0.05714285714285714
0.8333333333333334
0.3333333333333333
0.2
0.2
1.0
0.5
0.6666666666666666
0.25
0.3333333333333333
0.0625
0.375
0.35714285714285715
0.16666666666666666
0.75
1.0
0.5789473684210527
0.8333333333333334
0.4444444444444444
0.5
0.75
0.5
0.2857142857142857
0.7142857142857143
0.6666666666666666
0.6
0.6
0.5
0.3333333333333333
0.13636363636363635
0.8333333333333334
1.0
0.5
0.6666666666666666
0.25
0.6
0.5555555555555556
0.391304347826087
0.015625
0.043478260869565216
0.6666666666666666
0.75
0.40540540540540543
0.75
0.6666666666666666
0.06666666666666667
0.14285714285714285
0.3333333333333333
0.6666666666666666
0.0196078431372549
0.42857142857142855
1.0
0.875
0.3333333333333333
1.0
0.23076923076923078
3.25
0.4
1.0
1.0
1.0
0.13043478260869565
0.6923076923076923
0.45454545454545453
0.75
0.5714285714285714
0.6
0.022727272727272728
0.6666666666666666
0.1111111111111111
0.5454545454545454
0.75
0.038461538461538464
0.25
0.6666666666666666
0.4117647058823529
0.5454545454545454
0.4166666666666667
1.0
0.5
1.125
0.05263157894736842
1.0
0.4444444444444444
0.6666666666666666
0.6666666666666666
0.5
0.14285714285714285
1.2307692307692308
0.16666666666666666
0.875
0.0
1.25
0.3333333333333333
1.0
0.15384615384615385
0.42857142857142855
3.125
0.5
0.42857142857142855
0.7142857142857143
0.6666666666666666
0.5142857142857142
0.3333333333333333
0.2
0.5
0.6666666666666666
0.3333333333333333
0.2
0.16666666666666666
0.17647058823529413
0.8947368421052632
0.7142857142857143
2.0
0.42857142857142855
0.3333333333333333
0.3333333333333333
0.6
0.42857142857142855
0.1111111111111111
0.1111111111111111
0.5
0.1111111111111111
0.75
0.5
0.6666666666666666
0.6153846153846154
0.4375
0.25
0.6666666666666666
1.0
0.7777777777777778
0.42857142857142855
0.7058823529411765
0.2
0.6
1.0
1.0
0.3333333333333333
0.4
0.75
0.35714285714285715
0.8
0.5714285714285714
0.7058823529411765
0.5714285714285714
0.47368421052631576
0.2
0.5
1.2
0.6923076923076923
0.5
1.0
0.25
0.5454545454545454
0.75
0.25
0.5
0.5714285714285714
1.0
1.25
0.36363636363636365
0.3333333333333333
0.5714285714285714
0.5
0.2857142857142857
0.5714285714285714
0.16666666666666666
0.5625
1.6
0.045454545454545456
0.25
1.1666666666666667
0.21052631578947367
0.1875
0.5714285714285714
0.6153846153846154
0.07142857142857142
0.375
0.5263157894736842
1.2
1.2
1.2
0.05673758865248227
0.5
0.2
0.3333333333333333
0.1
0.5714285714285714
0.15384615384615385
0.5
0.8333333333333334
0.3333333333333333
0.7777777777777778
0.6
4.75
0.08333333333333333
0.2
0.75
1.0
0.7142857142857143
0.4
0.6
0.4
0.0
0.9333333333333333
0.23809523809523808
1.0
0.5
0.3333333333333333
0.3333333333333333
0.6666666666666666
0.6
0.05263157894736842
0.23529411764705882
0.6923076923076923
0.6666666666666666
0.02857142857142857
0.8
0.5
0.4444444444444444
0.4
0.625
0.07142857142857142
0.7142857142857143
0.42857142857142855
0.5263157894736842
1.0
0.5833333333333334
1.0
0.5833333333333334
0.35714285714285715
1.0
0.058823529411764705
0.6666666666666666
0.2
0.024390243902439025
0.7272727272727273
0.7
0.5
0.23809523809523808
0.5714285714285714
0.3333333333333333
0.9
1.0
0.3333333333333333
0.3333333333333333
0.46153846153846156
1.0
1.0
0.5625
1.25
1.2
1.4
0.42105263157894735
0.8
0.6
0.125
0.25
1.3846153846153846
0.42857142857142855
0.0
0.375
0.6666666666666666
0.875
0.5714285714285714
0.4166666666666667
0.08333333333333333
0.5
0.5714285714285714
0.42857142857142855
0.625
0.5
1.0
0.42857142857142855
1.25
0.25
0.6363636363636364
1.25
0.6666666666666666
0.9166666666666666
0.6
0.5555555555555556
0.75
0.7272727272727273
1.1428571428571428
0.7142857142857143
1.0
0.25
0.8333333333333334
0.6875
0.06666666666666667
1.0
0.5384615384615384
0.5384615384615384
1.0
0.125
2.6
0.021739130434782608
0.0
0.6666666666666666
0.3
1.0
0.4
0.5
0.4444444444444444
2.0
0.4666666666666667
0.6
0.2
0.2
0.16
0.5714285714285714
0.5714285714285714
0.0
0.75
0.4
1.0
0.375
0.1111111111111111
0.6666666666666666
0.375
0.2
0.5625
0.12280701754385964
0.6666666666666666
0.42857142857142855
0.7777777777777778
0.75
0.5833333333333334
0.07692307692307693
0.7777777777777778
0.8
1.9333333333333333
0.09090909090909091
0.75
0.4666666666666667
0.4
0.9
0.0
0.5555555555555556
0.4117647058823529
0.3
1.0
0.4444444444444444
0.02040816326530612
0.5555555555555556
0.6666666666666666
0.6666666666666666
0.5
0.75
0.5555555555555556
0.6
0.3333333333333333
1.0
0.4
0.3333333333333333
0.03571428571428571
0.05263157894736842
2.066666666666667
0.75
0.6
0.5882352941176471
0.5
0.75
0.09090909090909091
0.5
0.18181818181818182
0.045454545454545456
0.037037037037037035
0.058823529411764705
0.4782608695652174
0.2
1.0
0.75
0.4583333333333333
0.4
0.09090909090909091
0.5555555555555556
0.14285714285714285
0.5
0.07692307692307693
0.6428571428571429
0.5
0.09090909090909091
0.5
0.5
0.5
0.6666666666666666
0.47619047619047616
0.7647058823529411
0.6666666666666666
0.5
0.6666666666666666
0.6666666666666666
0.6
0.6666666666666666
0.5
0.5
0.3333333333333333
0.5
0.5
0.46153846153846156
0.8888888888888888
1.0
1.0
0.8571428571428571
0.05714285714285714
1.0
0.3333333333333333
0.6666666666666666
0.6666666666666666
2.7777777777777777
0.26666666666666666
0.6666666666666666
1.0
0.25
0.25
0.4
0.75
0.0
0.35294117647058826
0.08333333333333333
0.5576923076923077
0.09090909090909091
0.6666666666666666
0.5217391304347826
0.3
0.8571428571428571
0.5
1.0
0.6
0.6363636363636364
0.5
1.0
1.0
0.7142857142857143
0.6923076923076923
1.0
0.75
0.2
0.4444444444444444
0.38461538461538464
0.3333333333333333
0.11764705882352941
0.5
0.4090909090909091
0.0020876826722338203
0.75
0.05555555555555555
0.375
0.75
0.5454545454545454
0.5384615384615384
0.2777777777777778
0.125
0.8888888888888888
0.75
0.9
0.3333333333333333
0.16666666666666666
0.06451612903225806
1.0
0.6666666666666666
0.5263157894736842
0.02040816326530612
0.15294117647058825
0.6666666666666666
0.8
0.8571428571428571
0.5555555555555556
0.3333333333333333
0.6666666666666666
0.8
0.5
0.045454545454545456
0.6666666666666666
0.05
0.5
0.010309278350515464
0.42857142857142855
0.6666666666666666
0.20833333333333334
1.0
0.7142857142857143
0.625
0.6666666666666666
0.6666666666666666
0.75
0.75
0.75
0.3333333333333333
0.6666666666666666
1.0
1.0
1.2083333333333333
0.7857142857142857
0.8333333333333334
0.38461538461538464
0.6666666666666666
0.4666666666666667
0.5
0.5
0.5789473684210527
0.4
0.3333333333333333
0.3333333333333333
0.02702702702702703
0.05555555555555555
0.16666666666666666
0.125
0.21428571428571427
0.8
0.21428571428571427
0.25
3.25
0.5
0.16666666666666666
0.0
0.25
0.2
0.14285714285714285
0.125
0.46153846153846156
0.6666666666666666
1.0
1.0
1.0
0.8888888888888888
0.3333333333333333
0.6666666666666666
1.1111111111111112
0.4444444444444444
0.6666666666666666
0.8888888888888888
1.0
0.25
0.5
0.2
0.6
0.14285714285714285
1.0
0.42857142857142855
3.3333333333333335
0.625
1.0
0.3333333333333333
0.375
0.16666666666666666
0.2
0.2
0.3333333333333333
0.4
0.42857142857142855
0.4
0.4
0.6
0.4
0.5
0.6666666666666666
0.2857142857142857
0.625
0.36363636363636365
0.2857142857142857
0.16666666666666666
0.45454545454545453
0.6666666666666666
0.3333333333333333
0.2
0.25
0.5
0.25
0.375
0.6666666666666666
0.5714285714285714
1.75
0.75
0.6666666666666666
0.35294117647058826
0.4444444444444444
0.375
0.2857142857142857
0.75
0.4444444444444444
0.3333333333333333
0.3333333333333333
0.0
0.4
0.3333333333333333
1.125
0.1
0.6666666666666666
0.08333333333333333
0.6666666666666666
0.6666666666666666
0.21621621621621623
1.7272727272727273
0.7777777777777778
1.0
0.3333333333333333
0.75
0.35
0.4
0.375
0.875
0.4897959183673469
0.4358974358974359
0.4358974358974359
0.04
0.5714285714285714
1.4
0.42857142857142855
0.8
0.75
0.8571428571428571
0.038461538461538464
0.6
1.9333333333333333
0.26666666666666666
0.42592592592592593
0.6666666666666666
0.5
0.45161290322580644
0.2
0.16666666666666666
0.5714285714285714
0.2727272727272727
0.6956521739130435
0.125
0.05555555555555555
0.058823529411764705
0.6666666666666666
0.012048192771084338
0.018518518518518517
0.2
0.7142857142857143
0.6666666666666666
0.5
0.014084507042253521
0.07142857142857142
0.45454545454545453
1.0
0.6
0.5
0.3
0.021739130434782608
1.0
0.3333333333333333
0.375
0.14285714285714285
0.3
0.29411764705882354
0.3333333333333333
1.0
0.4
0.45454545454545453
0.2857142857142857
0.023809523809523808
0.3333333333333333
0.6
0.0
0.0
0.5
0.3125
0.45
0.3333333333333333
0.3333333333333333
0.125
0.1111111111111111
0.6666666666666666
0.46153846153846156
0.42857142857142855
0.1111111111111111
0.024390243902439025
0.21739130434782608
0.75
0.4117647058823529
0.2
1.5
0.125
0.26666666666666666
0.3333333333333333
0.0
0.8333333333333334
0.375
0.25
1.0
0.5
0.4
0.2
0.1875
0.75
0.6666666666666666
0.6
0.1111111111111111
1.0
0.6
0.3783783783783784
2.6666666666666665
1.3333333333333333
0.75
0.5384615384615384
1.0
0.5384615384615384
0.043478260869565216
1.0
0.023255813953488372
0.3333333333333333
0.5
0.5714285714285714
0.1111111111111111
0.1111111111111111
0.7777777777777778
0.047619047619047616
0.5
0.5833333333333334
0.5333333333333333
0.75
0.45454545454545453
0.7368421052631579
0.3333333333333333
0.35294117647058826
0.5714285714285714
0.2
0.7
0.46153846153846156
0.46153846153846156
0.46153846153846156
0.045454545454545456
2.127659574468085
0.125
0.6666666666666666
0.6888888888888889
0.46153846153846156
0.4375
0.3076923076923077
0.2727272727272727
0.5714285714285714
0.034482758620689655
0.875
0.058823529411764705
0.20930232558139536
0.5217391304347826
1.0
0.6666666666666666
0.6666666666666666
0.5263157894736842
0.16666666666666666
1.6666666666666667
0.6666666666666666
0.3333333333333333
0.5
0.2
0.08333333333333333
0.75
0.7142857142857143
0.2
0.8571428571428571
1.0
1.0
0.75
0.3333333333333333
1.0
0.35714285714285715
0.25
0.625
0.2777777777777778
3.2
0.6
0.6
0.2
0.3333333333333333
0.5
0.5
0.5
0.9333333333333333
0.4
0.3333333333333333
0.6666666666666666
0.08333333333333333
2.2222222222222223
0.7692307692307693
1.0
0.6666666666666666
0.3333333333333333
0.5555555555555556
0.5
0.8571428571428571
1.0
0.6666666666666666
0.6666666666666666
0.3
0.2631578947368421
0.022727272727272728
0.38461538461538464
0.782608695652174
0.25
0.5
0.09090909090909091
0.2962962962962963
0.2
0.6
0.6666666666666666
0.6666666666666666
0.125
1.0
0.2962962962962963
0.6666666666666666
0.4
0.3333333333333333
0.04
0.2727272727272727
0.2
0.08333333333333333
0.3333333333333333
0.3076923076923077
0.6666666666666666
0.8
0.5
0.28
0.06666666666666667
0.7272727272727273
0.5370370370370371
0.022727272727272728
0.75
0.8
0.0
0.3
0.6666666666666666
0.16666666666666666
0.6
0.8333333333333334
0.2631578947368421
0.13333333333333333
0.13333333333333333
0.3157894736842105
0.07692307692307693
0.625
0.03333333333333333
0.037037037037037035
0.3333333333333333
0.42857142857142855
0.6
1.2222222222222223
0.5714285714285714
0.5
0.25
0.25
1.2
0.11538461538461539
0.6
0.7692307692307693
1.0
0.6666666666666666
1.0
0.5833333333333334
1.0
0.6
0.018867924528301886
0.4444444444444444
0.16666666666666666
0.5
0.16666666666666666
0.6666666666666666
0.022222222222222223
0.6
0.8333333333333334
0.875
0.05
0.6666666666666666
0.08333333333333333
0.5384615384615384
0.09090909090909091
0.8
1.0
0.043478260869565216
1.0
0.06666666666666667
0.3333333333333333
0.5
0.7272727272727273
0.2857142857142857
0.3333333333333333
1.0
0.4
0.0
0.6666666666666666
0.9565217391304348
0.2
0.4
0.05
2.0
0.8571428571428571
0.8
0.1
0.2222222222222222
0.07142857142857142
0.23529411764705882
0.6666666666666666
0.3333333333333333
0.75
0.6666666666666666
0.4444444444444444
0.3333333333333333
0.8
0.8
0.07692307692307693
0.16666666666666666
1.0
0.38461538461538464
1.0
0.3333333333333333
0.6
0.25
0.875
0.7142857142857143
0.6363636363636364
0.7692307692307693
0.75
0.5
0.6666666666666666
0.25
0.5833333333333334
0.4
0.4444444444444444
0.6666666666666666
0.3333333333333333
0.6666666666666666
0.28
0.6666666666666666
0.8888888888888888
0.6666666666666666
1.0
0.3333333333333333
0.5
2.2
0.009615384615384616
0.037037037037037035
1.0
0.3333333333333333
3.076923076923077
3.75
1.0
0.023809523809523808
1.2
0.6
0.8181818181818182
0.875
0.0
0.125
0.1
0.1
0.631578947368421
0.2
0.6666666666666666
1.0
0.8181818181818182
0.45
0.03571428571428571
0.2
0.6
0.6666666666666666
0.0
0.35714285714285715
0.4
0.75
0.5333333333333333
1.0
0.4166666666666667
0.75
0.8
0.07692307692307693
0.6666666666666666
1.25
0.5
0.15384615384615385
1.0
1.0
1.0
0.5
0.5454545454545454
1.0
1.0
1.3
1.3333333333333333
2.0
0.23529411764705882
1.0
0.8
1.0
0.13333333333333333
0.3333333333333333
0.6666666666666666
0.5
1.3333333333333333
0.6666666666666666
0.6666666666666666
0.3157894736842105
0.6
1.0
1.3157894736842106
0.5
0.5882352941176471
0.6363636363636364
0.9375
0.391304347826087
0.5833333333333334
0.4666666666666667
0.5
0.2
0.75
0.75
0.75
0.875
0.6666666666666666
0.3
0.3333333333333333
0.7142857142857143
0.6666666666666666
0.03333333333333333
0.16666666666666666
1.0
0.75
0.23076923076923078
0.045454545454545456
0.5714285714285714
0.8333333333333334
0.4
0.3548387096774194
0.3333333333333333
0.75
1.0
0.14285714285714285
0.375
2.5
0.2222222222222222
0.06666666666666667
0.05
0.12195121951219512
0.6
0.6
0.3684210526315789
1.2
0.05555555555555555
0.08333333333333333
0.42857142857142855
0.45454545454545453
0.14285714285714285
0.2857142857142857
0.8181818181818182
0.42857142857142855
1.0
0.3076923076923077
0.75
0.42857142857142855
0.9
0.7142857142857143
0.5454545454545454
1.0
1.0
0.21621621621621623
0.75
0.047619047619047616
0.6666666666666666
1.0
0.8333333333333334
0.8
1.0
0.875
3.75
0.058823529411764705
0.25
0.6666666666666666
0.5714285714285714
1.0
0.2571428571428571
0.7142857142857143
0.3333333333333333
0.5882352941176471
1.0
0.631578947368421
0.25396825396825395
0.7777777777777778
2.75
0.6428571428571429
0.6363636363636364
0.75
0.6666666666666666
0.75
0.09375
0.26666666666666666
0.3333333333333333
0.07142857142857142
0.3333333333333333
0.21621621621621623
0.01694915254237288
0.8888888888888888
0.36363636363636365
0.3333333333333333
0.22727272727272727
0.38461538461538464
2.0
0.6666666666666666
0.3888888888888889
0.6666666666666666
0.30434782608695654
1.8571428571428572
1.3333333333333333
0.42857142857142855
0.6875
0.7777777777777778
0.7142857142857143
0.75
0.6666666666666666
0.3
0.4
0.6666666666666666
0.6153846153846154
0.2692307692307692
0.3125
0.38461538461538464
0.5454545454545454
0.8
0.23333333333333334
0.35294117647058826
0.3333333333333333
0.5
0.6842105263157895
0.5
0.2857142857142857
1.0
0.4
0.2
0.4
0.2222222222222222
0.6666666666666666
0.8
0.3125
1.0
0.23076923076923078
0.71875
