0.474397748708725
0.6502242088317871
0.003525952808558941
0.7083876729011536
0.01718461886048317
0.9318568706512451
0.07174500077962875
0.014482254162430763
0.029956983402371407
0.008401298895478249
0.664926290512085
0.9993756413459778
0.19360853731632233
0.8270542621612549
4.7690203064121306E-4
0.724148154258728
0.8043656945228577
0.007542316801846027
0.10771189630031586
0.06760183721780777
6.224589888006449E-4
0.29394814372062683
0.1328929364681244
0.6692765355110168
0.586130678653717
0.9177255034446716
0.8498413562774658
0.003764339489862323
0.03680514171719551
4.246428143233061E-4
0.1610388159751892
0.38239797949790955
0.7354081869125366
0.0246928408741951
0.0
0.4030548632144928
0.24345937371253967
0.1650451421737671
0.39845994114875793
0.9690481424331665
0.10623952001333237
0.9984182715415955
0.9594728350639343
0.642187237739563
0.919776976108551
0.050708744674921036
0.3500448763370514
0.003500398015603423
0.07389231771230698
0.9282879829406738
0.02659592591226101
0.34382104873657227
0.7079919576644897
0.7120442390441895
0.9609799981117249
0.09402605891227722
0.32036638259887695
0.05925717577338219
0.23191292583942413
0.0
0.16248053312301636
0.11851765215396881
0.06220771744847298
0.002450048690661788
0.0
0.0
0.006699251011013985
0.03275274857878685
0.0
0.02977554313838482
0.0
0.036163486540317535
0.35086727142333984
0.1949009895324707
0.6641156077384949
0.5613402128219604
0.8520217537879944
0.0024917495902627707
8.463397389277816E-4
0.6385089755058289
0.4409445822238922
0.22151604294776917
0.03436358645558357
0.9027739763259888
0.0011884000850841403
0.006691372487694025
0.0
0.020469138398766518
0.010679417289793491
0.009527160786092281
0.004257805645465851
0.05169782415032387
0.9822865724563599
0.4585748612880707
0.8149999380111694
0.002014100318774581
0.007372651714831591
0.9538722634315491
0.9437659382820129
0.0
0.017509309574961662
0.0
0.9675098657608032
0.014487005770206451
0.20988494157791138
0.23609670996665955
0.9955652952194214
0.11277379840612411
0.6222934126853943
0.07711527496576309
0.011792994104325771
0.03352605551481247
0.1496151238679886
1.6161403618752956E-4
0.679729700088501
0.3093540668487549
0.5394928455352783
0.04972522333264351
0.014501182362437248
0.2801934480667114
0.04213650897145271
0.2821408808231354
0.051729489117860794
0.0
0.8466354012489319
0.4870266616344452
0.22738540172576904
0.8395382761955261
0.5291281342506409
0.8238649368286133
0.0015080744633451104
0.03127904608845711
0.0
0.0
0.08640649914741516
0.4367872476577759
0.7780935764312744
0.8433912396430969
0.0
0.9312088489532471
0.36901336908340454
0.005163288675248623
0.0
0.911968469619751
0.8742473125457764
0.8947331309318542
0.08206867426633835
0.2651924788951874
0.867222011089325
0.018126240000128746
0.36408403515815735
0.002386202570050955
0.637543797492981
0.0298018679022789
0.9989781975746155
0.0015643335646018386
0.004351295065134764
0.07123938202857971
0.34941360354423523
0.021324731409549713
0.21158452332019806
0.049878284335136414
0.27746617794036865
9.748695301823318E-4
0.0
0.4055449664592743
0.47129419445991516
0.06081501394510269
0.03893943876028061
0.1270306557416916
0.01397157832980156
0.3611190915107727
0.9944790601730347
0.0012908810749650002
0.0
0.17708076536655426
2.274607541039586E-4
0.47755447030067444
0.9011306166648865
0.9323031902313232
0.7824054956436157
0.010391347110271454
0.01071080006659031
0.2801806926727295
0.9706923961639404
0.0
0.7841516137123108
0.14412005245685577
0.0032979543320834637
0.0015820832923054695
0.01240361388772726
0.05116478353738785
0.18615302443504333
0.36420488357543945
0.17064742743968964
0.1928347647190094
0.11610550433397293
0.4620407521724701
0.29791876673698425
0.10245102643966675
3.820034035015851E-4
0.005874286405742168
0.875769317150116
0.7246412634849548
0.7368989586830139
0.4107106924057007
9.215704631060362E-4
5.18936081789434E-4
0.605904757976532
0.5740107893943787
0.6986768841743469
0.07067421078681946
0.0
0.08068966865539551
0.5801984667778015
0.005344055593013763
9.670360013842583E-4
0.18623724579811096
0.01584857702255249
0.18416914343833923
0.0
0.8445162773132324
0.8651923537254333
0.45171549916267395
0.009369343519210815
0.9274518489837646
0.08800704032182693
0.30180203914642334
0.9552709460258484
3.0087403138168156E-4
0.24850989878177643
0.9628402590751648
0.1657496839761734
0.9963027834892273
0.29465213418006897
0.40611353516578674
0.22575442492961884
0.5987525582313538
0.12904277443885803
0.916333019733429
0.005007271654903889
0.8682960271835327
0.5024909377098083
0.15041041374206543
0.10197902470827103
0.41252952814102173
0.6486948132514954
0.2841111719608307
9.818904800340533E-4
0.5725274085998535
0.28999021649360657
0.18375934660434723
0.3712325990200043
0.8809365034103394
0.613567590713501
5.531167262233794E-4
0.9559367299079895
0.8072528839111328
0.3403679430484772
0.0
0.1501154601573944
0.21765385568141937
0.04081491008400917
0.0
0.0011840389342978597
0.7472204566001892
0.5113541483879089
0.05552162230014801
0.960303544998169
0.058341119438409805
0.8758417963981628
0.04258297011256218
0.007764063775539398
0.5993462204933167
0.3109826147556305
0.024789830669760704
0.43217191100120544
0.20933429896831512
0.2496693879365921
0.967882513999939
0.050902023911476135
0.059125322848558426
0.21563731133937836
0.15217028558254242
7.701739086769521E-4
0.6453896760940552
0.9816115498542786
0.05391378700733185
0.21779051423072815
0.19648383557796478
0.9628438949584961
0.6526620984077454
0.0
0.0
0.017983894795179367
0.2802353501319885
0.3942650556564331
0.6594306826591492
0.5411489009857178
0.0
0.0
0.8525213599205017
0.743829607963562
0.29461660981178284
0.017090093344449997
0.39130181074142456
0.8552084565162659
0.0
0.515448272228241
0.23010839521884918
0.6096207499504089
0.16128462553024292
0.02712593413889408
0.08533396571874619
0.23411253094673157
0.535793662071228
0.0
0.7246665358543396
0.4845642149448395
0.22156016528606415
0.34543463587760925
0.09271755069494247
0.7235792875289917
0.9998093843460083
0.28781092166900635
0.02566816471517086
0.1303466558456421
0.023948708549141884
0.6352828145027161
0.9994858503341675
4.100056830793619E-4
0.06510969251394272
0.024023665115237236
0.9843804836273193
0.35393309593200684
0.0100260553881526
0.11058080941438675
0.020831560716032982
0.1701042503118515
0.489719957113266
0.8890257477760315
8.216089336201549E-4
0.7139116525650024
0.8711986541748047
0.1981937438249588
0.17959362268447876
0.02520992048084736
0.767365574836731
0.46745386719703674
0.8208518028259277
0.5299499034881592
0.3355772793292999
0.04472489282488823
0.0
0.7845839262008667
0.47429171204566956
0.42378759384155273
0.7095935940742493
0.6431726217269897
0.7506635189056396
0.0
0.0
0.13416749238967896
0.191543847322464
0.0
0.0
0.0
0.9273069500923157
0.03996717557311058
0.05434169992804527
6.353696226142347E-4
0.0036305466201156378
0.521376371383667
0.002866715658456087
7.581469835713506E-4
0.2921750247478485
2.684344945009798E-4
0.18116964399814606
0.38913461565971375
0.4329812228679657
0.0024861739948391914
0.0
0.13365812599658966
0.0
0.4013060927391052
0.11431901901960373
0.5648174285888672
0.0030651504639536142
0.06528479605913162
0.44531577825546265
0.0014569060876965523
0.0
0.03742493689060211
0.4693250358104706
0.13394246995449066
0.8726819157600403
0.10764247179031372
0.2155240774154663
0.005644083954393864
0.6592001914978027
0.0
0.3006139099597931
0.15902841091156006
0.031575758010149
6.111262482590973E-4
0.0
0.27039626240730286
0.9890244603157043
0.02099699340760708
0.0
0.11323756724596024
0.9803318977355957
0.5769052505493164
0.07021819055080414
0.010847124271094799
0.9908003211021423
0.7374134063720703
0.5080106854438782
0.9711067080497742
0.23899605870246887
0.0
3.35458607878536E-4
0.027693258598446846
0.40466001629829407
0.5331460237503052
0.007761772722005844
5.076747038401663E-4
0.17568477988243103
0.032492950558662415
0.8654724955558777
0.006435919553041458
0.0060190726071596146
0.6042896509170532
0.012385940179228783
0.482743501663208
0.798880934715271
0.5171838998794556
0.6966528296470642
0.18212947249412537
8.473880006931722E-4
0.23004040122032166
0.638839602470398
0.0049134837463498116
1.628265017643571E-4
0.9260596632957458
0.010640949942171574
0.015504352748394012
0.06263957917690277
0.06644488126039505
0.01184020098298788
0.22649633884429932
0.41862568259239197
0.13858190178871155
0.5694822072982788
0.393049031496048
0.23177966475486755
0.2476995289325714
0.19508278369903564
0.9317662715911865
0.9460276961326599
0.9989776015281677
0.9997671842575073
0.006260307971388102
0.2529294490814209
0.9908594489097595
0.001455975347198546
0.10805445164442062
0.04365018010139465
0.0
2.3856958432588726E-4
0.0030468408949673176
0.0
0.0371253676712513
0.621014416217804
0.0037988806143403053
0.010639696381986141
0.09850210696458817
0.018392985686659813
0.27749863266944885
0.3658861219882965
0.01850145496428013
0.3386959135532379
0.883993923664093
0.7070842385292053
7.141132955439389E-4
2.4269026471301913E-4
0.8423982858657837
0.5600489974021912
0.6726303100585938
0.00207520741969347
0.5500008463859558
0.0015388637548312545
2.732737921178341E-4
0.001943477662280202
0.06969856470823288
0.3782159984111786
0.6616604328155518
0.12350578606128693
0.6032998561859131
0.019567616283893585
0.022414108738303185
0.4476301670074463
0.00724452268332243
0.0034065544605255127
0.28117719292640686
0.4078521430492401
0.8960437178611755
0.034563153982162476
0.0
0.020714906975626945
0.8426701426506042
0.07903403043746948
0.0011022535618394613
0.5110135674476624
0.01289856992661953
5.640132585540414E-4
1.3036819291301072E-4
0.12584887444972992
0.004101261496543884
0.5737519860267639
0.35727113485336304
0.5911950469017029
0.0032397089526057243
0.5512096285820007
0.19181925058364868
0.9337934255599976
0.7957854270935059
0.7337761521339417
0.05489509180188179
0.9377385973930359
0.779813289642334
0.4976835250854492
4.8045878065750003E-4
0.01387910544872284
0.5266541242599487
0.650499701499939
0.06282863765954971
0.0
0.30335375666618347
0.03237180411815643
0.9735970497131348
0.06635580956935883
0.2973793148994446
0.03557547181844711
0.013656173832714558
1.2693482858594507E-4
0.24754273891448975
0.9080776572227478
0.0010413207346573472
0.0
0.5392394661903381
0.9245923757553101
0.8798539638519287
0.2335948795080185
0.1569693386554718
0.06925883889198303
0.06501296162605286
0.17598667740821838
0.17566649615764618
0.30579107999801636
0.1991318315267563
0.5583899617195129
0.08656037598848343
0.6611360311508179
0.004419463686645031
0.6659645438194275
0.003995912615209818
0.0
0.023103613406419754
0.9975782632827759
5.297590978443623E-4
0.0
0.0
0.5291363000869751
0.033532656729221344
0.42713305354118347
0.29175975918769836
0.24560010433197021
0.9330433011054993
0.021945539861917496
0.018993565812706947
0.02264995500445366
0.9890822768211365
1.417778548784554E-4
0.08190727978944778
0.13779716193675995
4.5070177293382585E-4
0.9599246978759766
0.48223331570625305
0.9975888729095459
0.006976109929382801
0.7078624367713928
0.13796283304691315
0.0034500183537602425
0.0
0.43038052320480347
0.40485522150993347
5.5213418090716E-4
0.011544701643288136
0.21684673428535461
0.18983180820941925
0.9173154234886169
0.3493185043334961
0.6186246871948242
0.004664483014494181
0.620000958442688
0.004688864573836327
0.9292946457862854
0.12485768646001816
0.0
0.6316266059875488
0.0018653246806934476
0.10357527434825897
0.8839728236198425
0.08161155134439468
0.021540442481637
0.011318136937916279
0.031166769564151764
0.31699270009994507
0.2751618027687073
0.5363747477531433
0.9925661087036133
0.10691556334495544
0.9610394239425659
0.9610517024993896
0.544714093208313
0.0
0.5334065556526184
0.0023651535157114267
0.0
0.10122578591108322
0.8907276391983032
0.9913564324378967
0.015733379870653152
0.583252489566803
0.0015418760012835264
0.603338897228241
0.027903469279408455
0.03480437025427818
0.22096678614616394
0.024234265089035034
0.008445866405963898
0.004437353927642107
0.4341447055339813
0.0
0.0017560792621225119
0.0
0.3072894811630249
0.30978983640670776
0.07430143654346466
0.08334320783615112
0.3430401086807251
0.7919651865959167
0.027324585244059563
0.6077121496200562
0.32627975940704346
0.9753624796867371
0.07386307418346405
0.56166011095047
0.6944960951805115
0.009370571002364159
0.01247553899884224
0.8611846566200256
0.10848411917686462
0.9184340238571167
0.5610677599906921
3.603248915169388E-4
0.6043121218681335
0.6004957556724548
0.043877724558115005
0.009556794539093971
0.09035567194223404
3.0531806987710297E-4
0.24585463106632233
0.36527425050735474
8.292628335766494E-4
0.07467036694288254
0.05695948377251625
0.0
0.8033146262168884
0.0
0.759715735912323
0.0056683761067688465
0.8350160717964172
0.7470026016235352
0.8542829751968384
0.3651690185070038
0.0
0.02143440954387188
0.023899313062429428
0.06959224492311478
0.0011169190984219313
0.09750717133283615
0.004884378518909216
0.9966827034950256
0.9036609530448914
0.12323592603206635
0.8654118180274963
7.172905025072396E-4
0.06990044564008713
0.939263105392456
0.03248991072177887
0.0027937411796301603
0.0
0.004440709482878447
0.5316720008850098
0.012680082581937313
0.8226718902587891
7.756225531920791E-4
0.7225235104560852
0.016222728416323662
0.5088922381401062
0.007676242385059595
0.011291752569377422
0.0019032476702705026
5.769240669906139E-4
0.006612536031752825
0.5228167772293091
2.604304172564298E-4
0.6594274044036865
0.9071609973907471
0.0
0.9491260051727295
0.5085017085075378
0.986294150352478
0.011701960116624832
8.11792619060725E-4
6.646850961260498E-4
0.0
0.0380244255065918
0.013766213320195675
0.7118456959724426
0.023417474702000618
0.023417474702000618
0.13525038957595825
0.23160023987293243
0.07553958147764206
0.002600819803774357
0.0
0.3232870101928711
0.8199107646942139
0.0034488521050661802
0.39815250039100647
0.03738347813487053
0.7173885107040405
0.06853113323450089
0.005759097170084715
0.010368247516453266
0.997775137424469
0.015499042347073555
0.0020324932411313057
0.4887705445289612
0.63899165391922
0.01591476984322071
0.8710587024688721
0.950620174407959
0.5839640498161316
3.6675596493296325E-4
2.9887567507103086E-4
0.6681270003318787
0.11194642633199692
0.07365226000547409
0.007860153913497925
0.012906434014439583
0.0
0.3466714322566986
0.0011586615582928061
0.2201724499464035
0.00786330085247755
0.018647735938429832
0.2753600478172302
0.3205786645412445
0.2482578307390213
0.6532610654830933
0.38800713419914246
0.27389898896217346
0.19753655791282654
0.036297306418418884
0.8775607347488403
0.14983712136745453
0.07346779853105545
0.09498818963766098
0.044713106006383896
0.39117977023124695
0.4609180986881256
0.0014300758484750986
0.6981570720672607
0.3376237154006958
0.6286289095878601
0.9802329540252686
0.15766482055187225
0.6382717490196228
0.7470629215240479
0.7015855312347412
0.018728645518422127
0.5325525999069214
0.10401899367570877
0.8730364441871643
0.14815843105316162
0.0424250103533268
0.32260778546333313
0.2050631195306778
0.5270864367485046
0.9842804670333862
0.7212934494018555
0.8328860998153687
0.9695473313331604
2.490483457222581E-4
0.10812865197658539
0.18326987326145172
0.7203314900398254
0.11996491998434067
0.6722458004951477
0.535821259021759
0.7380279302597046
0.9167879819869995
0.9449412822723389
0.3572818338871002
0.02664889581501484
4.791339160874486E-4
0.047406233847141266
0.8683868050575256
0.7928526401519775
0.6342090964317322
0.25643250346183777
0.8072512149810791
0.4091649353504181
0.0996122881770134
0.003365937853232026
0.05288774520158768
0.5288669466972351
0.5648115277290344
0.005054436158388853
0.6033781170845032
0.0
0.0037363157607614994
0.021861815825104713
0.02833186276257038
8.950595511123538E-4
0.0
0.0
0.3097594380378723
0.27374887466430664
0.3835919499397278
0.07998830080032349
0.9998430609703064
0.3197891414165497
0.822512686252594
0.3866598904132843
0.0064573162235319614
0.057954564690589905
0.0382843054831028
0.022697128355503082
0.006862808484584093
0.007592886220663786
0.013995630666613579
0.998059093952179
0.0
0.025105906650424004
0.9963367581367493
0.6267737746238708
0.09908217191696167
0.1345149129629135
0.113308846950531
0.02982933074235916
0.74593186378479
0.0
0.0
0.021199917420744896
0.046725887805223465
0.14510826766490936
0.0057710930705070496
5.611991509795189E-4
0.0
1.1128550249850377E-4
0.2910712957382202
0.0477420948445797
0.574024498462677
0.0013829991221427917
0.5270049571990967
0.7851192951202393
0.01020435243844986
0.015336071141064167
0.3646332323551178
1.478439662605524E-4
0.3361809253692627
0.4739695191383362
0.11574728786945343
0.0
0.6597462296485901
0.30323994159698486
0.9671210646629333
0.5844057202339172
0.46766427159309387
0.0
0.3928169906139374
0.9497639536857605
0.6380435824394226
0.7440429329872131
0.03404410555958748
0.9876978397369385
0.861865222454071
0.1986762434244156
0.08658378571271896
0.05078810453414917
0.7719235420227051
0.06484472006559372
0.17071488499641418
0.017140885815024376
0.0036671911366283894
0.0
0.1747802346944809
0.8769484758377075
0.9192578792572021
0.009033768437802792
0.14146743714809418
0.0012064765905961394
0.08482534438371658
0.9300787448883057
0.266976535320282
0.0056190877221524715
0.020849432796239853
0.6714549660682678
0.2958154082298279
0.03689537197351456
0.0
0.18559813499450684
0.16958807408809662
0.0
0.9983571171760559
0.9930942058563232
0.4774518609046936
0.8269545435905457
0.40919655561447144
0.0015964150661602616
0.7428542971611023
0.14644692838191986
0.8643634915351868
0.2781364321708679
4.4587391312234104E-4
0.014860214665532112
0.36246123909950256
0.030288269743323326
0.5815233588218689
0.7423758506774902
0.5769798159599304
0.039137110114097595
0.9462253451347351
0.9849059581756592
0.056737497448921204
0.9955408573150635
0.1594218909740448
0.02773790806531906
0.0
7.013138965703547E-4
0.0
0.3664540946483612
0.004659824538975954
0.1147027388215065
0.4340345561504364
0.008441937156021595
0.526713490486145
2.0265717466827482E-4
1.774898119037971E-4
0.9415971636772156
0.9415971636772156
0.0
0.8209648132324219
0.0
0.816174328327179
0.8970926403999329
0.8168802857398987
0.06629189103841782
0.05858591943979263
0.41800761222839355
0.8352294564247131
0.0
0.6736672520637512
0.6406213045120239
0.04308319836854935
0.5176090598106384
0.7899425029754639
0.6948993802070618
0.962001383304596
0.010592743754386902
0.7785259485244751
0.0024578601587563753
0.9288490414619446
0.9019424319267273
0.0
0.19260181486606598
0.002494423883035779
0.1127304956316948
0.3282535672187805
0.024259507656097412
0.48828548192977905
0.27359282970428467
0.5896595120429993
0.0
0.6836803555488586
0.8180610537528992
0.0
0.5254896879196167
0.30075597763061523
0.0022808003704994917
0.07432021200656891
0.22661133110523224
0.14519698917865753
0.04539855942130089
0.15677133202552795
0.3497915267944336
0.396848201751709
0.0
0.09974981099367142
0.11757679283618927
0.002735456684604287
0.0
0.0
0.09315670281648636
0.002246906515210867
0.9430443644523621
0.9639392495155334
0.05866144597530365
0.1177869364619255
0.8343676328659058
0.0
0.0066390023566782475
0.006808220408856869
0.015003133565187454
0.0871751680970192
0.015071642585098743
0.06682679057121277
0.0026681306771934032
0.8648049831390381
0.2170397788286209
0.0
0.997035562992096
0.33450642228126526
0.0
0.6120519042015076
0.9856740236282349
0.9378161430358887
0.834509015083313
1.0399462189525366E-4
0.1772918850183487
0.04709872975945473
0.6471337080001831
0.0019169504521414638
0.011416971683502197
0.011851399205625057
0.6995290517807007
0.13661211729049683
0.04096149653196335
0.011804782785475254
0.004667655564844608
0.02756849117577076
0.7493938207626343
0.01885886862874031
0.006723973900079727
0.0019264827715232968
0.0045043048448860645
0.00816345401108265
0.0033653397113084793
0.3645857870578766
0.07200136035680771
0.0
0.01002130750566721
0.03357163444161415
0.9746214747428894
0.021434780210256577
0.9388776421546936
0.4766766428947449
0.003903001081198454
0.9947800636291504
0.415515273809433
0.023223495110869408
0.5447784066200256
0.007953508757054806
0.0925869271159172
0.995116114616394
0.8393920660018921
0.18680636584758759
0.0873686894774437
0.012772494927048683
0.9930803775787354
0.4747457206249237
0.0015270267613232136
0.08035853505134583
0.01575353369116783
0.0010978342033922672
0.06580935418605804
0.8939201235771179
0.4175737500190735
0.07747423648834229
0.23560698330402374
0.0014984692679718137
7.998946239240468E-4
0.0
0.7776041626930237
0.30345356464385986
0.7138521671295166
0.5451429486274719
0.0
0.007059251423925161
0.007651936262845993
0.34015363454818726
0.7278836965560913
0.18704305589199066
0.9458644390106201
0.0
0.022723523899912834
0.9605433940887451
0.9347636699676514
0.0
0.01170932874083519
0.0
0.0
4.858165921177715E-4
0.0014295283472165465
0.4310191869735718
0.10099883377552032
0.8652802109718323
0.017779216170310974
0.32903337478637695
0.0
0.13981856405735016
0.004397011827677488
0.26437219977378845
0.4215957820415497
0.8269975781440735
0.7868422865867615
0.7141258120536804
0.11090267449617386
0.13737933337688446
0.0
0.0
0.800841748714447
0.0
0.44301924109458923
0.7704113721847534
0.8895573019981384
0.7913712859153748
0.04800388216972351
0.32363376021385193
0.09811949729919434
0.599205732345581
0.7572522759437561
0.4695734977722168
0.7386116981506348
0.6979490518569946
0.07911840826272964
0.009511101059615612
0.06844321638345718
8.173323585651815E-4
0.871820867061615
0.8416295647621155
0.9709082841873169
0.003326420672237873
0.0
1.0359685256844386E-4
0.7628400325775146
0.4646047353744507
0.5502943396568298
0.0709773600101471
0.003480026964098215
0.002566226525232196
0.10971303284168243
0.8930802941322327
0.0821244865655899
0.6870217323303223
0.14706961810588837
0.020971136167645454
0.3053995966911316
0.3685896694660187
0.557060956954956
0.7442933320999146
0.0036377902142703533
0.9316982626914978
4.7755910782143474E-4
0.15868498384952545
0.8087652325630188
0.16995735466480255
0.03338861092925072
0.0
0.002855168655514717
2.7399463579058647E-4
0.55926114320755
0.07002291083335876
0.19989164173603058
0.9113808870315552
8.09726188890636E-4
0.6885516047477722
0.7251538038253784
0.10363579541444778
0.009584981948137283
0.38027650117874146
0.4474492073059082
0.040735162794589996
0.004481420386582613
0.0
0.16340182721614838
0.03124784678220749
0.8196138739585876
0.20670747756958008
0.9348682761192322
0.38616862893104553
0.8414103388786316
0.05949363484978676
0.016145462170243263
0.45884501934051514
0.010386942885816097
0.0010619617532938719
0.10242067277431488
0.18971501290798187
0.08692364394664764
0.15372279286384583
0.9908286333084106
0.2925938367843628
0.0035354692954570055
0.38975441455841064
0.00457837525755167
0.01343448180705309
0.005810245871543884
0.5219318866729736
0.0
8.500771364197135E-4
0.0032640364952385426
0.012810171581804752
0.8355765342712402
0.05505267158150673
0.4142571985721588
0.0
0.0
0.9638530611991882
0.0
0.03908311575651169
0.021426819264888763
0.0
0.1715671271085739
2.7236275491304696E-4
0.8766335844993591
0.6986726522445679
0.5907620787620544
0.20663805305957794
1.0984430991811678E-4
0.05613252893090248
0.0
3.926846256945282E-4
0.2891060709953308
0.03670727089047432
0.0
0.006978931836783886
0.0
0.0
0.7396934628486633
0.007976082153618336
0.9787747859954834
0.0
0.01738579012453556
0.9346958994865417
0.0
0.0
0.15149804949760437
0.3788203299045563
0.0
0.5485448241233826
1.7815394676290452E-4
0.9675025343894958
0.0
0.035163361579179764
0.018624061718583107
0.113423652946949
0.23092585802078247
0.20845399796962738
0.0076511697843670845
0.17877766489982605
0.03261929005384445
0.13306765258312225
0.2863145172595978
0.6675329804420471
0.003664986230432987
0.14390316605567932
0.020500605925917625
0.4922809600830078
0.0012198023032397032
0.03143810108304024
0.9731980562210083
0.8417136073112488
0.941705584526062
0.8556569814682007
0.6319248080253601
0.7959737777709961
0.7222818732261658
0.20101450383663177
0.005900781601667404
0.0
0.007727407850325108
0.0
1.662105933064595E-4
0.017044715583324432
0.635062038898468
0.3272407650947571
0.09786984324455261
0.0
0.06272625923156738
0.0
0.7025545835494995
0.0
0.31214451789855957
0.7542089223861694
0.0
0.20685835182666779
0.5182841420173645
0.1865975558757782
0.026363274082541466
0.009313364513218403
0.008670652285218239
0.0
1.2689286086242646E-4
0.06409301608800888
0.027424421161413193
1.776817807694897E-4
0.040199410170316696
0.8050047159194946
0.0
0.07939716428518295
0.6818508505821228
0.0
8.047802257351577E-4
0.0
0.3570500314235687
0.024123836308717728
0.7718405723571777
0.029167242348194122
0.06505515426397324
0.012797746807336807
8.63441382534802E-4
0.05378921329975128
0.00201608007773757
0.0
0.0
0.01210115011781454
0.940981924533844
0.8881978988647461
0.8061866760253906
0.0
0.0955854058265686
1.8469174392521381E-4
2.530042838770896E-4
0.7734020948410034
0.9235212802886963
0.11906329542398453
0.9445465207099915
0.22218412160873413
0.6781569123268127
0.9402955770492554
0.625823974609375
0.01068864669650793
0.2926793694496155
0.24043044447898865
0.20468300580978394
0.4201882779598236
0.13308729231357574
0.017764080315828323
0.016478832811117172
0.6894641518592834
0.0015224753879010677
0.10194797813892365
0.44741490483283997
0.3107338845729828
0.8378992676734924
0.9369972348213196
0.0
0.0
3.413379017729312E-4
0.053921204060316086
0.001981351524591446
0.9087662696838379
0.8607531785964966
1.6784378385636955E-4
0.98532634973526
0.11831998080015182
0.24227316677570343
0.15988901257514954
0.11071368306875229
0.15068012475967407
0.0
0.0
0.8197734355926514
0.16233395040035248
0.2023470103740692
0.19904322922229767
0.011702376417815685
3.931183600798249E-4
0.020108096301555634
0.4338173568248749
0.034973885864019394
0.09438075125217438
0.028552750125527382
0.027156447991728783
0.03887007012963295
0.06070726737380028
0.5835314393043518
0.0832790806889534
0.030460752546787262
0.4517858326435089
0.20239649713039398
2.4539403966628015E-4
0.9149866104125977
0.3652983009815216
0.77189701795578
5.961623974144459E-4
0.12415461987257004
0.5850914716720581
0.8230858445167542
0.8166906237602234
0.06949031352996826
0.006761189084500074
0.28984126448631287
0.28984126448631287
0.8563933372497559
9.46038868278265E-4
0.9689788818359375
0.4095001220703125
0.4306134283542633
0.0130314314737916
0.06369392573833466
0.003967678174376488
0.9899478554725647
0.9899478554725647
0.006631443277001381
0.009470698423683643
1.943941751960665E-4
0.0
0.05972466990351677
0.0
0.0013606821885332465
0.0
0.6827445030212402
0.775441586971283
0.8909609913825989
0.5913751125335693
0.6871830224990845
0.6383640170097351
0.08425580710172653
2.263666392536834E-4
0.26171761751174927
0.2192559689283371
0.17641204595565796
0.5074722766876221
3.6784092662855983E-4
0.5187622308731079
0.08086059987545013
0.8324837684631348
0.101291224360466
0.30872681736946106
0.832628071308136
0.7334087491035461
0.00408966513350606
0.8970434665679932
0.0
0.24110208451747894
0.999432384967804
0.0
0.0
0.21719127893447876
0.0074794720858335495
0.008463030681014061
0.27138322591781616
0.5829612612724304
0.5660185217857361
0.001712458091787994
0.1519882082939148
0.010743147693574429
0.007925395853817463
0.393863320350647
0.037055086344480515
0.028414636850357056
0.08194592595100403
0.05339678376913071
0.9899663329124451
0.014401677995920181
0.0
0.02637159265577793
0.03169902414083481
0.002818110166117549
0.0
0.007324547506868839
0.028384502977132797
5.042823613621294E-4
0.7397795915603638
0.895193874835968
0.6905826330184937
0.9685906767845154
0.8631995916366577
0.316982239484787
0.012851111590862274
0.8406646251678467
0.7073919773101807
0.007849774323403835
0.2602880597114563
0.9067078232765198
0.0
0.9057104587554932
0.8999645113945007
0.39059144258499146
0.005810077302157879
0.14900974929332733
0.3973400592803955
0.005789060611277819
0.8335269093513489
0.9948939085006714
0.8131077885627747
0.9261801242828369
0.003971708007156849
0.004063366912305355
0.8927506804466248
0.9576401710510254
0.5852982997894287
0.7568753957748413
0.8272651433944702
0.7408944964408875
0.9927709698677063
0.9158567786216736
0.9662727117538452
0.8150116801261902
0.29227280616760254
0.8544934391975403
0.9246779084205627
0.5431476831436157
0.6302974224090576
0.8727053999900818
0.6795442700386047
0.0
0.0
0.9399158358573914
0.14563316106796265
0.9366821050643921
0.0713653713464737
0.7742658853530884
0.04736318439245224
0.1268543303012848
0.9147348403930664
0.7050029039382935
0.7333803176879883
0.0
0.9998476505279541
0.9255582690238953
1.2139452883275226E-4
0.7117964625358582
6.209336570464075E-4
0.35999998450279236
0.758742094039917
0.5618308186531067
0.7846823930740356
0.0011863455874845386
0.9701534509658813
0.0
0.5072914958000183
0.11899536848068237
0.0025042248889803886
0.9666296243667603
0.9257285594940186
0.12341253459453583
0.0012776433723047376
0.5668206214904785
0.046664461493492126
0.09046778082847595
6.701513193547726E-4
4.615982179529965E-4
0.8370773196220398
0.9720144867897034
0.6226193904876709
0.9498729109764099
0.30222657322883606
0.9695702791213989
0.03121485933661461
0.4149996042251587
0.8910599946975708
0.5571929812431335
0.3098917603492737
0.01872992143034935
0.74361252784729
0.7912722229957581
0.20363563299179077
0.016528239473700523
0.1485961228609085
0.0
0.004851217847317457
0.3675771653652191
6.304095732048154E-4
0.005671876482665539
0.06024575233459473
0.028813457116484642
0.6800053119659424
0.03930507227778435
0.8556780815124512
0.0020930450409650803
0.033845555037260056
0.9195536971092224
0.913459837436676
0.6748012900352478
0.10264027863740921
0.011867662891745567
0.003881358075886965
0.0987045019865036
0.003030381165444851
0.9636715650558472
0.8602081537246704
0.13347597420215607
0.3133269250392914
0.2358238250017166
0.9008291959762573
0.5707188844680786
0.1975174844264984
0.08623123168945312
0.8880521059036255
0.15934337675571442
0.005288245156407356
0.10626734793186188
0.008063443936407566
0.0014597317203879356
0.9694777131080627
0.9641228318214417
0.30740678310394287
0.10160719603300095
0.2485770881175995
0.10404927283525467
0.0020038941875100136
0.878704309463501
0.02607550658285618
0.050197213888168335
0.10135775059461594
0.10601932555437088
0.17076736688613892
0.017762422561645508
0.921687126159668
0.6950297355651855
0.2321101576089859
0.20059749484062195
0.0
6.589589756913483E-4
0.0
0.2815644145011902
0.7108745574951172
0.13346049189567566
0.9450461864471436
1.7472061153966933E-4
0.602181077003479
0.49288609623908997
0.1879201978445053
0.9867367744445801
0.9905126094818115
0.048712946474552155
0.0
0.058878857642412186
0.0039485543966293335
0.09793833643198013
0.6951251029968262
0.972832441329956
0.9419786334037781
0.6203842759132385
0.7027984261512756
0.25123199820518494
0.004030371550470591
0.6439186334609985
0.5380659103393555
0.5909860730171204
0.07461584359407425
0.12218890339136124
0.7221035957336426
0.8111258149147034
0.49113163352012634
0.06793183833360672
0.0013553289463743567
0.5045230984687805
0.6488988399505615
0.4096832871437073
0.715480625629425
0.04362186789512634
0.5943930149078369
0.3649113178253174
8.026572177186608E-4
0.9584012031555176
0.5011249780654907
0.0
0.019770927727222443
0.8283171057701111
0.9375292658805847
0.003643978154286742
0.6791156530380249
0.0252597164362669
6.336724036373198E-4
0.06412841379642487
0.006906265392899513
0.12461195141077042
0.059705812484025955
0.0
0.0
0.08374236524105072
0.14180892705917358
0.6904585957527161
0.025494728237390518
0.11578749120235443
0.003890272695571184
0.9650649428367615
0.021960925310850143
0.55193692445755
0.03237997367978096
0.03725423663854599
0.00857424084097147
0.41715118288993835
0.8709720373153687
2.812524326145649E-4
0.601893424987793
0.5107787847518921
0.9525790810585022
0.8616719841957092
0.026209846138954163
0.09802543371915817
0.010649691335856915
0.058507103472948074
0.09785105288028717
0.08997520804405212
0.7651787400245667
0.045155491679906845
0.2580855190753937
0.6875520348548889
0.3823830187320709
0.17167633771896362
0.0
0.09876182675361633
0.060894958674907684
0.9019704461097717
0.011705238372087479
0.928643524646759
0.007654879242181778
0.0855516865849495
0.1489013135433197
0.05690259113907814
0.532527506351471
5.089191836304963E-4
0.09366559237241745
0.017360026016831398
0.26843520998954773
1.755798584781587E-4
0.018269995227456093
0.2726656198501587
0.009042404592037201
3.9418184314854443E-4
0.15814685821533203
0.8363804221153259
0.08314333111047745
0.00496308971196413
3.967133816331625E-4
0.009757420048117638
0.003046957077458501
0.9728901982307434
0.07425680756568909
0.9100914597511292
0.4086129367351532
0.0028064954094588757
0.10304191708564758
0.004721259232610464
0.019146207720041275
0.641864001750946
0.5824695825576782
0.0
0.3837182819843292
0.20382694900035858
0.0019020814215764403
0.46034589409828186
0.021287737414240837
3.5003654193133116E-4
0.15907293558120728
0.9253624081611633
0.31711509823799133
0.6941709518432617
0.9214025735855103
0.019284121692180634
0.6573127508163452
0.04557047039270401
0.6014605760574341
0.9363914132118225
0.0496368408203125
0.13189435005187988
0.7010775208473206
0.5919464230537415
0.28754696249961853
0.017891237512230873
0.41074979305267334
0.7190133929252625
0.03472748398780823
0.06261644512414932
0.16211186349391937
0.006980150938034058
0.7440517544746399
0.01970246434211731
0.00430598808452487
0.7809906601905823
0.3454754650592804
0.6657979488372803
0.9180988669395447
0.40542301535606384
0.08742278069257736
0.28093481063842773
0.0012709710281342268
0.9576103687286377
0.944894015789032
0.7983542680740356
0.8753799796104431
0.0033602952025830746
0.9894177317619324
0.6017882227897644
0.07593406736850739
0.01692529208958149
6.878057029098272E-4
0.039066340774297714
0.8455954790115356
0.017203878611326218
0.11317873001098633
0.49580472707748413
0.44420650601387024
0.7849147319793701
0.3147532641887665
0.7515559196472168
0.054635319858789444
0.17885704338550568
0.4759541153907776
0.36114099621772766
0.07870209962129593
0.16524216532707214
0.08519020676612854
0.9202276468276978
0.11472474038600922
0.0015104449121281505
0.6009151935577393
0.5383833050727844
0.0
0.0
0.020588770508766174
0.0
0.5453433990478516
0.9289944171905518
0.003997067920863628
0.7830895185470581
0.026438536122441292
0.844774067401886
0.0
0.4926404654979706
0.8740405440330505
0.4958356022834778
0.0
0.018896622583270073
0.005576991010457277
5.767593975178897E-4
0.6887091398239136
0.7965841293334961
0.9950705766677856
0.562210738658905
0.002461849246174097
0.4076237976551056
0.12314890325069427
0.8653050661087036
0.26465970277786255
0.6487381458282471
0.11992447078227997
0.054399989545345306
0.011410586535930634
0.004363430663943291
0.9352527260780334
0.008287135511636734
0.9926391243934631
0.9361441135406494
0.2832579016685486
0.2512083053588867
0.0
0.7152688503265381
0.439740926027298
0.5394576191902161
0.7546443343162537
0.5405111312866211
0.32228967547416687
0.14959847927093506
0.44482356309890747
0.19986793398857117
0.1003514975309372
0.008842390030622482
0.7643449306488037
0.5788289904594421
0.8659856915473938
0.17061331868171692
0.008345836773514748
0.07975798845291138
0.9167181253433228
0.21510115265846252
0.9795307517051697
0.9609203338623047
0.9979788064956665
0.07541344314813614
0.996528148651123
0.004063672851771116
0.9727389812469482
0.9274427890777588
0.5573996305465698
0.7525454759597778
0.04182692617177963
0.005292749963700771
0.0018640540074557066
0.2858077883720398
3.644323442131281E-4
0.0014255554415285587
0.030823281034827232
0.03239374980330467
0.004328659735620022
0.0701550766825676
0.28038859367370605
0.9695870876312256
0.5286455750465393
5.415502237156034E-4
1.7860499792732298E-4
0.6337966918945312
0.6842784881591797
0.2679697275161743
0.10106641799211502
0.5939240455627441
0.9949823617935181
0.17670108377933502
0.6654428243637085
4.0284093120135367E-4
0.010405299253761768
0.010405299253761768
0.003052652347832918
0.8477856516838074
0.16889822483062744
0.6900896430015564
0.8163461089134216
0.8057200908660889
0.998136579990387
0.9119786024093628
0.05894237011671066
0.002455271314829588
0.2294568568468094
0.6620559692382812
0.16288670897483826
0.8705717325210571
0.04068465158343315
0.020632727071642876
0.18701554834842682
0.03484027460217476
0.6595489382743835
0.26352447271347046
0.663009762763977
0.6567910313606262
0.21752041578292847
0.01744076795876026
0.7118950486183167
0.799908459186554
0.0
0.02694249339401722
0.0
0.0926012322306633
0.0069395205937325954
0.05063454434275627
0.022359443828463554
0.31778115034103394
0.6265769600868225
0.016621781513094902
0.9407303929328918
0.8798826336860657
0.0
0.9834304451942444
0.015780141577124596
0.009197598323225975
0.0010577697539702058
0.0481891892850399
0.9591741561889648
0.9217159152030945
0.003851799527183175
0.00662565603852272
0.04569702222943306
0.9901845455169678
0.9811481833457947
0.9925963282585144
0.9076164960861206
0.9995521903038025
0.9874050617218018
0.15354321897029877
0.0010256889509037137
0.468220591545105
0.27729102969169617
0.9588134288787842
0.6524403095245361
0.8909488320350647
0.6983678340911865
0.1074068546295166
0.856325626373291
0.499269962310791
0.9208125472068787
0.32590988278388977
0.0020500512327998877
0.011629407294094563
0.001779054058715701
0.9981924891471863
0.6659778356552124
0.15070800483226776
0.0557289719581604
0.05900035798549652
0.051683276891708374
0.015665298327803612
0.0018396242521703243
0.12633046507835388
0.0
0.2887531816959381
0.6070632934570312
0.48979315161705017
0.0
0.6769436001777649
0.9072734713554382
0.5719070434570312
0.5374435782432556
0.947112500667572
0.006913524121046066
1.8871267093345523E-4
0.01612827181816101
0.26784875988960266
0.09879545122385025
0.2827550172805786
0.579132616519928
0.180608332157135
0.0386137031018734
0.010173656977713108
0.0
0.18871444463729858
0.07815700769424438
0.0
0.0
0.25504472851753235
0.6416647434234619
0.8924010396003723
0.4693567454814911
0.039300426840782166
0.0
0.11445201933383942
0.8483156561851501
0.15433740615844727
0.8488157987594604
0.25056082010269165
0.3213644027709961
0.028562556952238083
0.21593259274959564
0.7905990481376648
0.0
0.013369855470955372
0.08991584181785583
0.029096724465489388
0.2878713607788086
0.8288689255714417
0.8540184497833252
0.0
0.0
0.02492501027882099
0.10302916169166565
0.0
0.0
0.17195428907871246
0.33605971932411194
0.0
0.10537661612033844
0.9999867081642151
0.08050154149532318
0.9258291125297546
0.7595183849334717
0.007279283832758665
0.005230481270700693
0.7935494184494019
0.19780048727989197
0.7084672451019287
0.7244865298271179
0.6838860511779785
0.932901918888092
0.022331126034259796
0.012623528018593788
0.013459471985697746
0.03040960617363453
0.06990958005189896
0.011082738637924194
0.5004067420959473
1.5082790923770517E-4
0.013904658146202564
0.0022692298516631126
0.06313052028417587
0.4842720329761505
0.7729361653327942
0.7828976511955261
0.09974754601716995
0.015493475832045078
0.2907913625240326
0.07230740785598755
0.6634587645530701
0.7515033483505249
0.5576533079147339
0.008217604830861092
0.6099910140037537
1.090636505978182E-4
0.23024380207061768
0.40874311327934265
0.001561592100188136
0.009084537625312805
0.03908377140760422
0.5236438512802124
0.696191132068634
0.9971644878387451
0.006358601152896881
0.7009093761444092
0.10667405277490616
0.8477818369865417
0.6350780725479126
0.24544236063957214
0.07845689356327057
0.8851642608642578
0.9894046783447266
0.35881298780441284
0.04260314628481865
0.0029311953112483025
7.418644963763654E-4
0.6885884404182434
0.30636081099510193
0.14699627459049225
0.4960118532180786
0.14252255856990814
0.9954186081886292
0.9761348962783813
0.9094544053077698
0.3850274085998535
0.5074154734611511
0.9172260761260986
0.7027115225791931
0.01886354759335518
0.7158945202827454
0.003571756649762392
2.3561400303151459E-4
0.051170770078897476
0.004603852517902851
0.1856560856103897
0.0027162653859704733
0.0
0.9710946679115295
0.016854427754878998
0.9110082387924194
0.2502698600292206
0.1660328060388565
0.011303558945655823
0.01945260539650917
0.05105562135577202
1.0599342931527644E-4
0.11329051107168198
0.09694742411375046
0.005627659615129232
0.8740282654762268
0.8181970715522766
0.44158393144607544
0.9860018491744995
0.001145677175372839
0.0
0.01936892233788967
0.39523646235466003
7.141447858884931E-4
0.7892021536827087
0.00707569345831871
0.3608549237251282
0.0
0.09488534927368164
0.1871924251317978
5.696655134670436E-4
0.2401956021785736
0.08924734592437744
0.06050381809473038
0.0
2.1725802798755467E-4
0.4610717296600342
0.01708802580833435
0.020097466185688972
0.7604735493659973
0.8219963312149048
0.861757755279541
0.9677144289016724
7.973812171258032E-4
0.21966886520385742
0.0017259059241041541
0.0
0.9615533351898193
0.5566689372062683
0.190556600689888
0.0015213018050417304
0.024303920567035675
0.05647021532058716
0.27240508794784546
0.6393855810165405
0.16993150115013123
0.047673698514699936
1.2614172010216862E-4
0.015797028318047523
0.9665919542312622
0.9272361993789673
0.34860292077064514
0.3634497821331024
0.31342899799346924
0.12668275833129883
0.7920945286750793
0.8089351058006287
0.08975300192832947
0.0031300093978643417
0.3083308935165405
0.001462540472857654
0.01895449124276638
0.028481634333729744
0.0
0.11527890712022781
0.5727217197418213
0.9629226922988892
0.02653668075799942
0.7475155591964722
0.980634331703186
0.8218308091163635
0.23815946280956268
0.3880665600299835
0.27023613452911377
0.8344992995262146
0.013811458833515644
0.032880835235118866
0.0394960418343544
0.5749848484992981
0.3603106141090393
0.07291650027036667
0.7565056085586548
0.013067016378045082
0.018737146630883217
0.09156741946935654
6.209342391230166E-4
0.012028180062770844
0.026557285338640213
0.030915595591068268
0.6012328863143921
0.0
0.0
0.5638578534126282
0.8917059898376465
0.031918127089738846
0.0018353224731981754
0.8421961665153503
0.15480610728263855
0.7874945402145386
0.9583317637443542
7.317432900890708E-4
0.00847416277974844
6.907220231369138E-4
0.5656774044036865
0.7631317377090454
0.10598112642765045
0.7272161841392517
0.776212751865387
0.39517921209335327
0.18315580487251282
0.9053467512130737
0.9053467512130737
0.7718128561973572
0.9925900101661682
0.050337400287389755
0.9662517309188843
0.8473223447799683
0.7405867576599121
0.2880150079727173
0.20183810591697693
0.24597913026809692
0.9951845407485962
0.9988781213760376
0.9109392166137695
0.05203671008348465
0.15839281678199768
0.0
0.08094199001789093
0.15984541177749634
0.024562077596783638
0.9270673394203186
0.0012870249338448048
0.013597110286355019
0.5901320576667786
0.20234684646129608
0.15215501189231873
0.27521657943725586
0.3004291355609894
0.6766226887702942
0.4505949020385742
0.782930314540863
0.002101707039400935
0.8470532298088074
0.4972775876522064
0.05747194215655327
0.9312530159950256
0.9240409731864929
0.033593859523534775
0.5416436791419983
0.9664987325668335
0.10379160195589066
0.7519839406013489
0.0
0.028577454388141632
0.05543512478470802
0.7432382106781006
8.740565972402692E-4
0.08749353885650635
0.7770379185676575
6.678113131783903E-4
0.021329591050744057
0.009055514819920063
0.03236297518014908
0.8982717394828796
0.4978753924369812
0.8698076605796814
0.34569233655929565
0.11495083570480347
0.23611730337142944
0.7848917245864868
0.007320748176425695
0.48888739943504333
0.46388500928878784
0.9383527636528015
0.21446965634822845
0.05111711844801903
0.5765426754951477
0.6455171704292297
0.1492588371038437
0.1380242556333542
0.0
0.05401911213994026
0.1380242556333542
0.460149884223938
0.13024792075157166
0.0
0.0
0.0017720343312248588
0.9831001162528992
0.43035781383514404
0.8208672404289246
0.20434406399726868
0.9889918565750122
0.01721540279686451
0.0019074332667514682
0.04669126868247986
0.03317749500274658
0.9367612600326538
0.026467325165867805
0.0031106758397072554
0.0
0.04411995783448219
0.002789102727547288
0.27005496621131897
0.4157412648200989
0.9963228702545166
0.9714956283569336
0.21593594551086426
0.15298588573932648
0.05757599323987961
0.07775314897298813
0.017651071771979332
0.9954243302345276
0.008933420293033123
0.8680678009986877
0.013078685849905014
0.008933420293033123
0.011995608918368816
0.008933420293033123
2.1165663201827556E-4
0.0
0.12790894508361816
0.01760450191795826
0.3927495777606964
0.007825382985174656
0.5516798496246338
0.8201431035995483
0.11298978328704834
0.01438406202942133
0.15705649554729462
0.6969181299209595
0.7207450270652771
0.8643995523452759
0.16229820251464844
0.5977380275726318
0.555402398109436
0.6944001913070679
0.005289520137012005
0.05512998625636101
0.9286326169967651
0.0
0.944121778011322
4.7193196951411664E-4
0.0
0.0447167344391346
0.9970822334289551
0.013349957764148712
0.8308824300765991
0.20277276635169983
7.657086825929582E-4
0.0645269900560379
7.94067163951695E-4
1.679678534856066E-4
0.12112165987491608
0.03438510745763779
0.26473402976989746
0.0
0.789949357509613
0.0014806342078372836
0.5494405627250671
0.3097703754901886
0.1598532795906067
0.877644419670105
0.522614061832428
0.5524921417236328
0.7884308695793152
0.22134844958782196
0.0308611448854208
0.5061483979225159
0.6173074841499329
0.0019493027357384562
0.08180160075426102
0.10018826276063919
0.7816332578659058
0.5083215236663818
0.2091447114944458
0.0
0.9447137117385864
0.164215549826622
8.499116520397365E-4
0.7535651326179504
0.030530856922268867
0.3383464217185974
0.5083913803100586
0.033474162220954895
0.8644400835037231
0.0
0.04416298866271973
0.025708790868520737
0.7790613174438477
0.7206073999404907
0.01705479808151722
0.0021696409676223993
0.37099409103393555
0.8084306716918945
0.35204869508743286
0.16894656419754028
0.20008864998817444
0.7658641934394836
0.6186681985855103
0.9015704989433289
0.1030753031373024
0.10463687032461166
0.061014335602521896
0.9961490631103516
0.2874775230884552
0.08424157649278641
0.998588502407074
0.06544401496648788
1.5987013466656208E-4
0.3343733251094818
0.001397805637679994
0.21700868010520935
0.619496762752533
0.30522415041923523
0.8298851847648621
0.9784780144691467
0.056957926601171494
0.503438413143158
0.07189160585403442
0.1915820837020874
0.12537340819835663
0.6768615245819092
9.739873930811882E-4
9.739873930811882E-4
0.032232943922281265
0.31188100576400757
0.01842690072953701
0.6581646203994751
0.9567762613296509
5.553405499085784E-4
9.047092171385884E-4
0.039176441729068756
0.009320933371782303
0.050970543175935745
0.0
0.2692136764526367
0.5473999381065369
8.961159037426114E-4
0.011888712644577026
0.07254018634557724
0.3560599088668823
6.794617511332035E-4
0.2767889201641083
0.42181527614593506
0.14441469311714172
0.9999106526374817
0.04077140986919403
1.2661826622206718E-4
0.35787153244018555
0.31464436650276184
0.022948497906327248
0.5378570556640625
0.7474592924118042
0.1328158974647522
0.12381814420223236
0.029893886297941208
0.0
0.0015406088205054402
0.08246012777090073
5.8511714451015E-4
0.0
0.991706907749176
0.6966433525085449
0.059513941407203674
0.9408801198005676
0.48816192150115967
0.11221553385257721
0.007831521332263947
1.1802458902820945E-4
0.8120903968811035
0.9450340270996094
0.6855390071868896
0.6821562051773071
0.8496074676513672
0.09050554782152176
0.31704723834991455
0.7090131640434265
0.5020419955253601
0.9699509143829346
0.5801091194152832
0.6186332106590271
0.5721871852874756
0.8722091317176819
0.18530406057834625
0.0034704820718616247
0.22275793552398682
0.21488863229751587
0.9500957727432251
0.001965492032468319
0.0026576980017125607
0.0
0.824722170829773
0.16607840359210968
0.4819144606590271
4.2425087303854525E-4
0.0
0.0
1.7907597066368908E-4
1.8793746130540967E-4
0.30597710609436035
0.532244861125946
0.053601428866386414
0.0
0.03548099473118782
0.5852892398834229
0.2592650055885315
0.06500212103128433
0.03665852174162865
0.0
0.0
0.0
0.0
0.35742661356925964
0.27644985914230347
0.027528967708349228
0.99976646900177
0.9975202679634094
0.11895265430212021
0.055270493030548096
0.7690577507019043
0.028413865715265274
0.0012961081229150295
0.055344369262456894
0.057178959250450134
0.21941088140010834
0.7569003701210022
0.017136191949248314
0.30725279450416565
0.30946826934814453
0.5753073692321777
0.7868155241012573
0.2148805856704712
0.0
0.026867689564824104
0.7539995312690735
0.13573318719863892
0.9980149269104004
7.33846565708518E-4
0.04691413789987564
0.0
0.683698296546936
0.6873785853385925
0.9366627335548401
0.17440752685070038
0.0
0.011414764449000359
0.6337724924087524
0.6199384927749634
0.3419560492038727
0.5921316146850586
0.13966959714889526
0.42430543899536133
0.03334569185972214
0.06795021891593933
0.37257078289985657
0.4930998682975769
0.16915442049503326
0.03381125256419182
0.32780757546424866
0.7786102294921875
0.7819727659225464
0.1526075005531311
0.5985749363899231
0.9557100534439087
1.772990362951532E-4
0.0
0.13456633687019348
0.04182668402791023
0.0
0.9132777452468872
0.9035460352897644
0.005436071660369635
0.7239661812782288
0.08565400540828705
0.0
0.0
0.005555902142077684
0.07481231540441513
0.02166305109858513
1.0538004426052794E-4
0.6049541234970093
0.004092399030923843
0.08328986912965775
0.25430482625961304
0.7770918011665344
0.9240184426307678
0.9872875809669495
0.9748902320861816
0.009332559071481228
0.0
0.9207649827003479
0.3372121751308441
0.9869058728218079
0.2971327304840088
0.9401035904884338
0.09263452142477036
6.19095575530082E-4
5.534084048122168E-4
0.9487876296043396
0.919482409954071
0.20275376737117767
0.03925105929374695
0.7188094258308411
0.7801187038421631
0.7981747388839722
0.012830639258027077
0.9969857931137085
0.8171746730804443
0.8803314566612244
0.26221469044685364
0.035884276032447815
0.017173169180750847
0.003354559652507305
0.08191052824258804
0.046819817274808884
0.009059131145477295
0.006963382940739393
0.01575593650341034
0.4857681393623352
0.7610457539558411
0.418800950050354
0.03826092928647995
0.005561543628573418
9.665900142863393E-4
0.20321188867092133
0.0
0.44394487142562866
0.9412755966186523
0.5633593797683716
0.581257700920105
0.49749308824539185
0.8354485034942627
0.0
0.0
0.35784322023391724
0.36226513981819153
0.2239931970834732
0.6782665252685547
0.577346682548523
0.4319927394390106
0.469512015581131
0.9248251914978027
0.902678906917572
0.0
0.09821802377700806
0.9931013584136963
0.44334274530410767
0.5633969902992249
0.781553328037262
0.9815104007720947
0.0
0.0
0.842305600643158
0.9765132069587708
0.926599383354187
0.8190243244171143
0.5777032375335693
0.29737886786460876
0.9679647088050842
0.9866143465042114
0.5037906169891357
4.2129497160203755E-4
0.0
0.0
0.0
0.0
0.6117434501647949
0.04442932829260826
0.3143453299999237
0.0
0.41186386346817017
0.38413265347480774
0.006593483965843916
0.006318720057606697
0.3783186972141266
0.9934847354888916
0.07522838562726974
0.46839970350265503
0.9753768444061279
0.266426682472229
0.3713749647140503
0.506994366645813
0.6808416247367859
0.15272565186023712
0.7536046504974365
0.0026196681428700686
0.793725848197937
0.05675387382507324
0.0
0.7297297120094299
0.9896915555000305
0.6651236414909363
0.751660943031311
0.14571024477481842
0.04356406256556511
0.046889010816812515
0.11278749257326126
0.7987473011016846
0.04192444682121277
0.007345237303525209
0.0016787011409178376
0.7191789150238037
0.08040597289800644
0.0915575698018074
0.09410932660102844
0.004598972387611866
0.7993629574775696
0.5558072328567505
0.6068239808082581
0.6992600560188293
0.0731952115893364
0.892012894153595
0.0025009349919855595
0.5833864212036133
0.5377451181411743
0.016634181141853333
0.3589450418949127
0.22387568652629852
0.017789360135793686
0.1158348098397255
0.5459753274917603
0.05094743147492409
0.8318319916725159
0.0048455833457410336
0.9475522041320801
0.4308185875415802
0.008213534951210022
0.012040114030241966
0.3568677306175232
0.33972373604774475
0.9155421257019043
0.32291609048843384
0.838564395904541
0.002644605003297329
0.0
0.702555775642395
0.05336841195821762
0.004328885581344366
0.011478614993393421
0.8671495914459229
0.3268314003944397
1.4721967454534024E-4
0.2905106246471405
0.9547529220581055
0.18983744084835052
0.33926868438720703
0.15744613111019135
0.033934932202100754
0.004477741662412882
0.6198938488960266
0.15416453778743744
0.10699649900197983
0.8024313449859619
0.9972128868103027
0.03359943628311157
0.6781788468360901
0.6083691120147705
0.9790409207344055
0.773940920829773
0.24917000532150269
3.6934789386577904E-4
0.0
0.0
0.23269736766815186
0.03313677757978439
0.0
0.021831156685948372
0.8117266297340393
1.3725367898587137E-4
0.7223910689353943
0.46164217591285706
0.9992812871932983
0.7418491244316101
0.5710775852203369
0.06603912264108658
0.9312446117401123
0.011036946438252926
0.28978174924850464
0.058076485991477966
0.12940315902233124
0.07111449539661407
0.12692002952098846
0.03591211885213852
0.07798333466053009
0.8833944797515869
0.9623188376426697
0.0
0.3836043179035187
0.9008038640022278
0.5286374092102051
0.28841596841812134
0.9728729128837585
0.25554385781288147
0.6236718893051147
0.8622514605522156
0.009954814799129963
0.7989100217819214
0.0026226213667541742
0.5640299916267395
0.27276337146759033
0.3579264283180237
0.8669862151145935
0.5986772179603577
0.8213405013084412
0.003960900008678436
0.005389239639043808
0.11476403474807739
0.007395814172923565
0.6558618545532227
0.00294593651778996
8.909594616852701E-4
0.7024728059768677
0.12075091153383255
0.44224199652671814
0.8152241110801697
0.2118193507194519
0.1308947652578354
0.9157642722129822
0.011938489973545074
0.13869662582874298
4.3484140769578516E-4
0.39707010984420776
0.7221298813819885
0.247983917593956
0.3928737938404083
0.4008939564228058
0.15488456189632416
0.31096264719963074
0.9474457502365112
0.9416878819465637
0.26812422275543213
0.055098772048950195
0.05047518014907837
0.02984735183417797
0.009344018995761871
0.9952552914619446
0.0619228258728981
0.6990901827812195
0.5748779773712158
0.9407626390457153
0.9392966628074646
0.9285006523132324
0.9087938070297241
2.637664438225329E-4
0.9509958028793335
0.0
0.13994061946868896
0.15312081575393677
0.1457112431526184
0.0
0.11423622071743011
0.5516291260719299
0.04210158810019493
0.9094394445419312
0.9674908518791199
0.23691608011722565
0.10775735229253769
0.2441110461950302
0.9068164229393005
0.053023647516965866
0.468131422996521
0.43857765197753906
0.0
0.18281233310699463
0.0986545979976654
0.26418209075927734
1.4764623483642936E-4
0.9318386316299438
0.5486792922019958
0.04855518043041229
3.459275758359581E-4
0.6255691051483154
0.46122443675994873
0.07383176684379578
0.895815372467041
0.0014240576419979334
0.004927508067339659
0.9489107728004456
0.9197324514389038
0.9454362988471985
0.20386449992656708
0.9937794804573059
0.493100106716156
0.008247504942119122
0.025277063250541687
0.7545315623283386
0.9956666231155396
0.061651770025491714
0.32309579849243164
0.9009556174278259
0.9640508890151978
0.8848379850387573
0.040744926780462265
0.5379307866096497
0.5379307866096497
0.46388599276542664
0.2773328423500061
0.7099964618682861
0.06557934731245041
0.07336008548736572
0.998322069644928
0.8120237588882446
0.06578067690134048
0.049231208860874176
0.9801977276802063
0.7090721726417542
0.0013293918455019593
0.024172570556402206
0.37757912278175354
0.6314182877540588
0.07366522401571274
0.6026058793067932
0.2489803433418274
0.6026058793067932
0.5444656014442444
0.023158179596066475
0.8931615352630615
0.007723547518253326
0.007723547518253326
0.01644701138138771
0.6711411476135254
0.7080362439155579
0.24396876990795135
0.20828543603420258
0.3226820230484009
0.9889889359474182
0.10806281119585037
0.0
0.0011353149311617017
0.0033456909004598856
0.730293333530426
0.0
0.0
5.514317890629172E-4
0.08737063407897949
0.9358338713645935
0.792961597442627
4.90517180878669E-4
0.8769253492355347
0.8810397982597351
0.0
0.2586217224597931
4.4170732144266367E-4
0.004360400605946779
8.080095867626369E-4
0.0011712716659530997
0.07765816152095795
0.00561749842017889
5.435143248178065E-4
0.507338285446167
0.016277911141514778
0.004987291991710663
0.009850386530160904
0.0
0.8622854351997375
0.03518253192305565
0.0
0.821416974067688
0.0
0.6206106543540955
0.23443399369716644
0.5686043500900269
0.7055444121360779
0.5215421915054321
0.25457626581192017
0.01335702370852232
0.6460147500038147
0.0355263352394104
0.002699185162782669
0.40273407101631165
1.419660693500191E-4
0.03796571493148804
5.518168327398598E-4
0.0
0.0
0.31933489441871643
0.8398549556732178
0.04558846354484558
0.08234266936779022
0.740105152130127
0.06923497468233109
0.009626778773963451
0.008584083989262581
9.20634891372174E-4
0.003188461996614933
0.007020062301307917
0.8282719254493713
1.20039279863704E-4
0.032064277678728104
0.8561023473739624
0.3902287185192108
0.9504789710044861
0.005279657896608114
2.865344285964966E-4
0.21561414003372192
0.24622763693332672
0.14838819205760956
0.75071781873703
0.2587066888809204
0.14486052095890045
0.009361609816551208
0.2334192395210266
0.02712385542690754
0.006857956759631634
0.004931003786623478
0.8563687205314636
0.0
0.9463329911231995
0.17047834396362305
0.2250334471464157
0.6006090044975281
0.0088530033826828
0.3611831068992615
0.0
0.4384057819843292
0.5135489702224731
0.34440043568611145
0.0013266291934996843
0.0032619242556393147
0.010923454537987709
0.9247390627861023
0.9810693264007568
0.0
0.00476370844990015
0.25467348098754883
0.44302716851234436
0.6631411910057068
0.7640024423599243
0.874731719493866
0.8965774774551392
0.14499694108963013
0.007347846869379282
2.7534086257219315E-4
0.003575090551748872
0.13627316057682037
0.007077035028487444
0.6422563195228577
0.0
0.0
0.9976141452789307
0.07505909353494644
0.3099382817745209
0.02059534564614296
0.2942204177379608
0.24799835681915283
6.239375798031688E-4
0.012297770008444786
0.001214824733324349
0.0
0.0
0.6249906420707703
0.15235422551631927
0.0
0.004321760963648558
0.0
0.4104616343975067
0.686434805393219
0.6141807436943054
0.3641534149646759
0.014293708838522434
0.668310284614563
0.01143675483763218
0.0
0.01962297409772873
0.07310160249471664
0.4533006548881531
0.4290318787097931
0.7527698278427124
0.04150765389204025
0.8020379543304443
0.07560581713914871
0.9999390840530396
0.9999974370002747
0.9763279557228088
0.5063081383705139
0.00721807312220335
0.006236858665943146
0.32137706875801086
0.0985138863325119
0.24319569766521454
0.38547930121421814
0.15553723275661469
8.642156608402729E-4
0.14495237171649933
0.20005667209625244
7.554454496130347E-4
0.008229435421526432
0.016842689365148544
0.5301812887191772
0.9145839810371399
0.008582159876823425
0.9840795397758484
0.9328972697257996
0.028258226811885834
0.053829580545425415
1.5275715850293636E-4
0.197753444314003
0.9911423921585083
0.10151376575231552
2.0636302360799164E-4
2.3508263984695077E-4
0.025136979296803474
0.0015981647884473205
0.6393125653266907
0.6937581300735474
0.024025363847613335
0.2389007806777954
0.588935911655426
0.8760972023010254
0.9983158111572266
0.7887231707572937
0.2750012278556824
0.17485378682613373
0.23041747510433197
0.024871768429875374
4.917985061183572E-4
0.032215774059295654
0.0
0.23448945581912994
0.9804598689079285
0.8149986267089844
0.036144427955150604
0.005710127763450146
0.7431106567382812
3.1212199246510863E-4
0.20868022739887238
0.22157421708106995
0.2830519378185272
0.2694282531738281
0.3803245723247528
0.1296364665031433
1.5860048006288707E-4
0.8260384202003479
0.7210575342178345
0.2313404530286789
0.7329887747764587
0.011113055050373077
0.7330316305160522
0.0
0.9968175292015076
0.004561769776046276
0.6706830859184265
0.6820721626281738
0.5031150579452515
0.9122915863990784
0.11963838338851929
0.1845468133687973
0.26615169644355774
0.054165229201316833
0.45402076840400696
0.0399545393884182
0.315198689699173
0.0
0.5000019073486328
0.573204517364502
0.8656855821609497
0.9426513314247131
0.06298798322677612
0.04570065811276436
0.09756742417812347
0.3170013129711151
0.326308012008667
0.014139116741716862
0.03734211251139641
0.8982284665107727
0.013690405525267124
0.006241027265787125
0.7221145629882812
0.738949716091156
0.7926875948905945
0.3385826349258423
0.05522434040904045
0.4959840774536133
0.05711181089282036
0.01800372637808323
0.018250489607453346
0.6018912196159363
0.007452785968780518
0.9983673095703125
0.002479475922882557
0.4186880588531494
0.9540584683418274
0.03161994367837906
0.9765100479125977
0.07193691283464432
0.0
0.004665667656809092
0.0031384669709950686
0.19315101206302643
0.40467897057533264
0.07617329806089401
0.9239097833633423
0.33855634927749634
0.45456090569496155
0.7865336537361145
0.5825795531272888
0.7100456953048706
0.7263584733009338
0.0942259430885315
0.0032305459026247263
0.8805096745491028
0.2348024696111679
0.5414868593215942
0.795619010925293
0.9999818205833435
0.002199439099058509
0.2093188613653183
0.49026528000831604
0.0
0.3524026572704315
0.908679723739624
0.0
3.2952515175566077E-4
0.24143855273723602
0.15733467042446136
0.0
0.0
0.0
0.621442437171936
0.06154743954539299
0.4064222276210785
0.0500626415014267
0.01853339374065399
9.397902758792043E-4
0.04830678179860115
0.5175926685333252
0.002658993471413851
0.7809110879898071
0.6061100363731384
0.591849684715271
0.3974055051803589
0.9491438865661621
0.08286610245704651
0.06783676892518997
0.005072416737675667
0.12248984724283218
0.21363618969917297
1.0605387797113508E-4
0.0
0.0023441603407263756
0.4976614713668823
0.0
8.116570534184575E-4
0.3895314037799835
0.23693549633026123
0.009171253070235252
0.14775621891021729
0.03792254626750946
0.01703246682882309
0.1598508507013321
0.037114135921001434
0.4624602794647217
0.06606200337409973
0.023466438055038452
0.10595343261957169
0.011172001250088215
0.9102429151535034
0.9646719694137573
0.05031021311879158
0.08912820369005203
0.3047895133495331
0.9676318168640137
0.0024969198275357485
0.4319585859775543
7.334749097935855E-4
0.9121503829956055
0.06790734082460403
0.21725937724113464
0.023823877796530724
0.8961661458015442
0.5461491346359253
0.9172642230987549
0.0010127408895641565
0.36427736282348633
0.7725033164024353
0.748033881187439
0.453229159116745
0.9614306688308716
0.31837165355682373
0.9873930215835571
0.6575753688812256
0.0
0.29934391379356384
0.4778551757335663
0.976790189743042
0.949586808681488
0.17038144171237946
0.965017557144165
0.9470852613449097
0.16658428311347961
0.4303662180900574
0.28323134779930115
0.1802183985710144
0.09029049426317215
0.022436605766415596
0.22430519759655
0.25038042664527893
0.13991667330265045
0.22135351598262787
0.021457958966493607
4.750645312014967E-4
0.5819218754768372
0.04802335053682327
0.07404033094644547
0.8345022797584534
0.502484142780304
0.8912993669509888
0.06251992285251617
0.9881560206413269
0.6629395484924316
0.9425037503242493
0.03872815892100334
0.8401652574539185
0.8495901226997375
0.015207144431769848
0.06554227322340012
0.879522442817688
0.0
0.6264544725418091
0.011218152940273285
3.10636154608801E-4
0.0
0.015306182205677032
0.9911016821861267
0.46809229254722595
0.8992699980735779
0.4227543771266937
0.0014621884329244494
0.011715739965438843
0.0
0.34209564328193665
0.037788063287734985
0.8156774640083313
0.032328058034181595
0.6314349174499512
0.7798543572425842
0.03456275537610054
0.6446598172187805
0.330850750207901
0.002305472968146205
0.7515334486961365
0.13808970153331757
0.05552011728286743
0.7173493504524231
0.02638331614434719
0.027104875072836876
2.5272887432947755E-4
0.016683947294950485
0.8536918759346008
0.04473995417356491
0.0029101634863764048
6.854797247797251E-4
0.22171762585639954
0.0
0.5510299205780029
0.9493290185928345
0.3346272110939026
0.06019080430269241
0.9205273389816284
0.9270561337471008
0.8853544592857361
0.4016468822956085
0.0
0.019469182938337326
0.232741579413414
2.504427102394402E-4
0.936940610408783
0.10685712099075317
0.32654571533203125
0.03649633005261421
0.24852575361728668
0.11486787348985672
0.018909836187958717
0.0
1.3688973558600992E-4
0.08996450901031494
0.0593465156853199
0.0
0.6836793422698975
0.5982619524002075
0.004558904096484184
0.889013409614563
0.228733092546463
0.6627150177955627
0.253530353307724
0.0
0.4138919413089752
0.026790067553520203
0.010720553807914257
0.6194561123847961
0.9831749796867371
0.953178346157074
0.4156073033809662
0.8225690126419067
0.03562051057815552
0.9971114993095398
0.048856060951948166
3.394694358576089E-4
0.31412285566329956
0.034530434757471085
0.02877100743353367
0.1742442101240158
0.0
0.01004720013588667
0.20027634501457214
0.05325602740049362
0.0
0.12105612456798553
0.053954511880874634
0.3579382002353668
0.9028400778770447
0.37283965945243835
0.07084330916404724
0.0
0.10975050926208496
0.9055929780006409
0.9881054162979126
0.34574681520462036
0.17463384568691254
0.06454162299633026
0.0402538888156414
0.10178440064191818
0.29276135563850403
0.8006255626678467
0.6114358305931091
0.2535938620567322
0.05742417275905609
0.049968868494033813
0.0017780151683837175
0.05828471854329109
0.09303883463144302
0.5018212795257568
0.9849318861961365
0.33391910791397095
0.19247551262378693
0.008314913138747215
0.34773698449134827
0.0012863082811236382
0.9472489356994629
0.8070317506790161
0.7133243680000305
0.5554682016372681
0.9494537115097046
0.30086445808410645
0.7951877117156982
0.11485768854618073
0.0
0.056900445371866226
0.009679841808974743
0.07290052622556686
0.14335110783576965
0.899047315120697
0.8614007830619812
0.027589239180088043
0.3755851089954376
0.28006431460380554
0.05884004011750221
0.10920288413763046
0.01764284446835518
1.837711315602064E-4
2.1660729544237256E-4
0.8905929923057556
4.4868988334201276E-4
0.3495420813560486
0.6418485045433044
0.059237439185380936
0.8739538192749023
0.005232191178947687
0.02285129949450493
0.965525209903717
0.06708785891532898
0.8794270753860474
0.43824735283851624
0.9940047264099121
0.0364873893558979
0.19201304018497467
0.0
0.006674793548882008
6.447691121138632E-4
0.11521404981613159
0.19577914476394653
0.6490420699119568
0.5074912309646606
0.5074912309646606
0.04707653820514679
0.008513121865689754
0.059836819767951965
0.5944657921791077
0.2710741460323334
0.6105489134788513
0.03220926597714424
0.008147361688315868
0.9682614803314209
0.004308174829930067
0.011215760372579098
0.27562639117240906
0.9689255356788635
0.8599907159805298
0.01872199773788452
0.39753201603889465
0.6355233192443848
0.01692550629377365
0.06898697465658188
0.3296716809272766
1.0714175004977733E-4
0.308411180973053
0.605771541595459
0.020381886512041092
0.235348179936409
0.13972768187522888
0.778076171875
0.08800054341554642
0.32031863927841187
0.007477942854166031
0.007713892962783575
3.1293436768464744E-4
0.48331207036972046
0.9620239734649658
0.3349975049495697
0.0426173098385334
0.006143008824437857
0.024672701954841614
0.8485733270645142
0.0067620668560266495
0.03333444893360138
4.4295654515735805E-4
0.9633746147155762
0.01100914180278778
0.0045047327876091
0.002183727454394102
0.0
1.592674816492945E-4
0.19186849892139435
0.660573422908783
0.0038821769412606955
0.8689723610877991
0.00562099227681756
0.19728241860866547
0.5915241241455078
0.0
0.5279328227043152
0.057037923485040665
0.48708203434944153
0.014077318832278252
0.01221154723316431
0.1878010481595993
0.8966851234436035
0.01263418234884739
0.014877602458000183
0.9947268962860107
0.9867660403251648
0.7794784307479858
0.8286145329475403
0.9270183444023132
0.9947471618652344
0.9125578999519348
0.8323054909706116
0.9355536699295044
0.4184018075466156
0.0
0.0026427258271723986
0.03161939978599548
0.06721890717744827
0.33883342146873474
0.3182057738304138
0.8122027516365051
6.244287942536175E-4
0.1560317426919937
0.9924881458282471
0.013247580267488956
0.6256973743438721
0.8993308544158936
0.017263421788811684
0.07885906100273132
0.4003579318523407
0.5036903023719788
0.09039854258298874
0.0
0.3307311534881592
0.0
0.04179181158542633
0.042677272111177444
0.0070242080837488174
0.9474542140960693
0.3121815621852875
0.608418881893158
0.896897554397583
0.9994040131568909
0.870764434337616
0.6269553899765015
0.9600901007652283
0.4431098401546478
0.016032058745622635
0.07863886654376984
0.0
0.5420856475830078
0.4461522102355957
0.5903146266937256
0.3217903971672058
0.26919394731521606
0.016329767182469368
0.4791381061077118
0.4491214156150818
0.04497752711176872
0.2734546959400177
0.5537878274917603
0.02697419561445713
0.002101183868944645
0.11070939153432846
0.9079468846321106
0.0
0.7847903966903687
0.9665003418922424
0.7499463558197021
0.748394787311554
0.47746437788009644
0.014931868761777878
0.0
0.3169998824596405
0.10521699488162994
0.6922158002853394
0.0022212625481188297
0.09333913028240204
0.6107695698738098
0.63209468126297
0.916895866394043
0.18111325800418854
0.41000625491142273
0.12410099059343338
0.029867535457015038
0.616196870803833
0.004761467222124338
0.011152205057442188
3.818246186710894E-4
0.07470107823610306
0.006546291057020426
0.0
0.1377369463443756
0.3380853831768036
0.01823178306221962
0.12053536623716354
0.9961386919021606
0.0025015086866915226
0.18590305745601654
0.4742746353149414
0.3077664375305176
0.0025891258846968412
0.0
0.6899412274360657
0.0
0.0708901435136795
0.7679151892662048
0.5207067728042603
0.37029725313186646
0.01586734876036644
0.12649817764759064
0.7623509168624878
0.7563953995704651
0.6967384815216064
0.7326235175132751
0.31965479254722595
0.9910510182380676
0.5855597257614136
0.2776613235473633
1.6687699826434255E-4
0.0011045981664210558
0.0054129851050674915
0.17903804779052734
0.1454256772994995
0.14475011825561523
0.004349308088421822
0.0070526632480323315
0.061749644577503204
0.08378268033266068
0.7946000099182129
0.861754834651947
0.10152257233858109
3.611330466810614E-4
0.1817503571510315
0.0014252152759581804
0.13947303593158722
0.10785380750894547
2.9863076633773744E-4
0.8118347525596619
0.9990144968032837
0.0028339673299342394
0.7919642329216003
0.9984773993492126
0.6627069711685181
0.740747332572937
0.9855717420578003
0.946800708770752
0.8846451640129089
0.7209859490394592
0.9730343222618103
0.0691792294383049
0.11949259787797928
0.006465757731348276
9.220430511049926E-4
0.6223535537719727
0.5445874929428101
0.1333792358636856
0.5007064938545227
0.1947452276945114
0.17659638822078705
0.02181745506823063
0.0
0.3652445077896118
0.019589241594076157
0.04785621911287308
0.939310610294342
0.0
0.2733074426651001
0.0
0.00504128634929657
0.013088245876133442
0.45675531029701233
0.9379569292068481
0.8022183775901794
0.048357877880334854
0.007395776454359293
1.0368518269388005E-4
0.7337127923965454
0.2540856897830963
0.7791885137557983
0.7909747958183289
0.7499274611473083
0.9892746806144714
0.7808643579483032
0.22212228178977966
0.8239206671714783
0.977584719657898
0.9958429336547852
0.9948313236236572
0.5312029719352722
0.9893933534622192
0.0
0.9884917736053467
0.9935941100120544
0.025816282257437706
0.711576521396637
0.8774383068084717
0.9843398332595825
0.07322395592927933
0.7071976065635681
0.020171839743852615
0.7082295417785645
0.07634163647890091
0.0
7.278014090843499E-4
0.002063766121864319
2.4416681844741106E-4
1.9635372154880315E-4
0.956264853477478
0.9929639101028442
0.9999912977218628
0.5741256475448608
0.012167093344032764
0.9844373464584351
0.08423061668872833
0.0
0.17137277126312256
0.0
4.1487865382805467E-4
0.4274797737598419
0.01196137722581625
0.002840090310201049
0.02286568284034729
0.0
0.7537672519683838
0.2972832918167114
0.003390347585082054
0.7452995181083679
0.11946333944797516
0.041655395179986954
0.006248708348721266
0.01847998984158039
0.01847998984158039
0.007405805867165327
0.04262537509202957
1.1072498455177993E-4
0.0026488981675356627
0.150325208902359
0.00468755979090929
0.0010938168270513415
0.0
0.6164243221282959
0.0017961999401450157
0.0016901189228519797
0.0
0.019832639023661613
0.0
4.8763799713924527E-4
0.004205741453915834
7.544385734945536E-4
0.04978875070810318
0.6676000952720642
2.1921050210949033E-4
6.136267329566181E-4
0.15165744721889496
0.0
0.10395164042711258
0.0
0.0
0.0
0.7845219373703003
0.6723455190658569
0.6042544841766357
0.0
0.0
0.02394188940525055
0.0
0.0921872928738594
0.02065386436879635
0.436315655708313
0.0
0.6633946299552917
0.997583270072937
0.948784351348877
0.29619014263153076
0.8416137099266052
0.79029381275177
0.9304123520851135
0.42995530366897583
0.710235059261322
0.6674439311027527
0.70030677318573
0.0
0.7162635326385498
0.8386921286582947
0.9442917108535767
0.514550507068634
0.1936991810798645
0.0037092305719852448
0.3432800769805908
0.9975028038024902
0.8749447464942932
0.34148138761520386
0.9550315141677856
0.2594594657421112
0.6119787693023682
0.8522692918777466
0.9989335536956787
0.012635981664061546
0.09902355819940567
0.7120830416679382
0.6458920240402222
0.12739481031894684
0.008974193595349789
0.9222295880317688
0.31704771518707275
0.9426425695419312
0.952750027179718
5.159495631232858E-4
0.6585274934768677
0.9661353826522827
0.1435391753911972
0.4661337435245514
0.7642093300819397
0.36612898111343384
0.10108742862939835
0.7171640992164612
0.5608152151107788
0.012386282905936241
0.5137362480163574
0.04538027197122574
0.49375030398368835
0.003612820990383625
0.04265638813376427
0.0431310199201107
0.02212641015648842
0.0
0.404323548078537
0.18185126781463623
0.01645980030298233
0.005309499334543943
0.052671562880277634
3.84163431590423E-4
0.09964653104543686
0.02521294169127941
0.974472165107727
0.9560103416442871
0.9437252879142761
0.008416801691055298
0.0025823484174907207
0.019453300163149834
0.04032048210501671
0.6564596891403198
2.2955764143262058E-4
0.004850542172789574
0.8798342347145081
0.01101129874587059
0.7575213313102722
0.7952096462249756
0.8918834328651428
0.8390559554100037
0.49174559116363525
0.5776975154876709
0.503964364528656
0.0
0.15783141553401947
0.07807819545269012
0.0
0.9862890243530273
0.02069169655442238
0.18577244877815247
0.9968448281288147
0.0025102593936026096
0.004929087590426207
0.0128110870718956
0.8947581648826599
0.0
0.40691354870796204
3.0735277687199414E-4
0.1337665170431137
0.04667754843831062
0.0979737713932991
0.9709931015968323
0.005535923410207033
0.8319560885429382
4.3046739301644266E-4
0.9829950332641602
0.690895140171051
0.05707966163754463
0.5424329042434692
0.2991929054260254
0.6360763907432556
0.14576688408851624
0.03432155027985573
0.2206902801990509
0.6768266558647156
0.361219197511673
0.0
0.45777231454849243
0.9518783688545227
0.4625360369682312
0.15526743233203888
0.013762097805738449
0.002474486827850342
0.6323861479759216
0.020906342193484306
0.13749639689922333
0.9546605348587036
0.9905250668525696
0.7661284804344177
0.6290297508239746
0.7087341547012329
0.8336432576179504
0.730373203754425
0.9038177728652954
0.045019056648015976
0.44748473167419434
0.6756108999252319
0.46476688981056213
0.7883853316307068
0.07671196013689041
0.06788108497858047
0.25336986780166626
0.431468665599823
0.0012533277040347457
0.0
0.9368151426315308
0.001842432888224721
5.553305381909013E-4
0.6247946619987488
0.0
0.952595591545105
0.03612031415104866
0.06801176071166992
0.0031956934835761786
0.9035019278526306
0.22705377638339996
0.14439274370670319
0.1592552661895752
0.0010275719687342644
0.0
0.01300356537103653
0.8205753564834595
0.44723135232925415
0.9932596683502197
0.7243222594261169
0.0158999003469944
0.4829466938972473
0.9412248134613037
0.3828156888484955
0.7890784740447998
0.008219071663916111
0.1545872539281845
0.7712925672531128
0.028894266113638878
0.009778917767107487
0.054415684193372726
5.733574507758021E-4
0.016006160527467728
3.3904053270816803E-4
0.0
0.8292768597602844
0.3884439468383789
0.9250098466873169
0.36094188690185547
0.3384999930858612
0.2907199561595917
0.642867922782898
0.7676185965538025
0.6874052286148071
0.002107089851051569
0.33996590971946716
0.6116561889648438
0.12533654272556305
0.04310686141252518
0.12618649005889893
0.0
0.047435179352760315
0.0010151719907298684
0.4411269724369049
0.5723222494125366
0.04418870434165001
0.04663517326116562
0.024048050865530968
0.3863120675086975
0.7966979742050171
0.0022351588122546673
5.641912575811148E-4
0.01708323508501053
0.1346510946750641
0.05374553054571152
0.32560232281684875
0.30219700932502747
0.0010470135603100061
0.005027853883802891
0.17849144339561462
0.004404365085065365
0.17849144339561462
0.6757045984268188
0.7144564390182495
0.1425989270210266
0.22225813567638397
0.08837148547172546
0.163976788520813
0.013938887976109982
0.788165807723999
0.04911736398935318
0.34462451934814453
0.9433327913284302
0.7554676532745361
0.18883857131004333
0.13483044505119324
0.12204787880182266
0.18923164904117584
0.3533308506011963
0.8249201774597168
0.9740750193595886
0.12497319281101227
0.5933887362480164
0.9620211124420166
0.8289911150932312
0.4928017556667328
0.09135311096906662
0.8288097381591797
0.8418761491775513
0.034454938024282455
0.4042167663574219
0.1910918951034546
0.026293976232409477
0.9776886701583862
0.990799605846405
0.8535618782043457
0.8630272746086121
0.8290728330612183
0.48108646273612976
0.478926420211792
0.1045115664601326
0.0
0.10051243752241135
0.009394579567015171
0.01442462857812643
0.18558453023433685
0.0
0.4955548346042633
0.6931557059288025
0.17603789269924164
0.46283450722694397
0.34981435537338257
0.021365797147154808
0.10094498097896576
0.022862909361720085
0.08873296529054642
0.002632411429658532
0.014512639492750168
0.4685139060020447
0.007484940811991692
0.0
0.029435301199555397
0.9451646208763123
0.17215704917907715
2.003768167924136E-4
0.9964513778686523
1.6375711129512638E-4
0.3342477083206177
0.007208747789263725
0.016482174396514893
0.15549308061599731
0.0032018902711570263
0.7093286514282227
0.7512894868850708
0.0013001044280827045
0.0
0.0
0.19054268300533295
0.0
9.490305092185736E-4
0.6983749270439148
0.9701414704322815
0.012393989600241184
0.10369676351547241
0.310426265001297
0.1852676272392273
0.699676513671875
0.0
2.468645107001066E-4
0.0
0.0
0.04789659380912781
0.5119336843490601
0.0030886190943419933
0.01846431754529476
0.32450950145721436
0.34268587827682495
0.4749298691749573
0.053227122873067856
0.013022207655012608
0.38742300868034363
0.23022928833961487
0.5069690942764282
0.9687889218330383
0.2214246392250061
0.2549389600753784
0.10972795635461807
0.00290346285328269
0.1558370441198349
0.2028401494026184
0.6625425219535828
0.0249983761459589
0.4760585427284241
0.05935756489634514
0.38156890869140625
0.5418235659599304
0.007090359926223755
1.4266892685554922E-4
0.09127765148878098
0.9411620497703552
5.423656548373401E-4
0.35687941312789917
0.020757438614964485
0.1822490692138672
0.449016809463501
0.018114419654011726
0.37339043617248535
0.482366144657135
3.455527767073363E-4
0.42052313685417175
0.10542629659175873
0.9095119833946228
0.1398719996213913
0.17895720899105072
0.9370749592781067
0.050124187022447586
0.3091031312942505
0.0
0.5028445720672607
0.06648346036672592
0.23631587624549866
0.15609823167324066
0.15080273151397705
6.691159796901047E-4
0.7540535926818848
0.0031180924270302057
3.254475595895201E-4
0.15841414034366608
0.9935806393623352
0.23641040921211243
0.18815608322620392
3.76632233383134E-4
0.007264533080160618
0.2564014494419098
0.9112527370452881
0.9430896639823914
6.915175472386181E-4
0.6803345680236816
0.04126563295722008
0.9748049378395081
0.002509432379156351
0.2803172767162323
0.0
0.0
0.3776928186416626
0.027108147740364075
0.31713810563087463
0.026790130883455276
0.9692488312721252
0.7024033665657043
0.28701016306877136
0.8065852522850037
0.9552928805351257
0.0
0.6835042834281921
0.9128009676933289
0.38376715779304504
0.11055497825145721
0.9404076337814331
0.970489501953125
4.3239162187092006E-4
0.8990820646286011
0.18780392408370972
0.3230023980140686
0.0867103710770607
0.4931187629699707
0.02008858323097229
0.8108118772506714
0.004897395148873329
0.9375846982002258
0.32907846570014954
0.9574408531188965
0.0998782142996788
0.9251545071601868
0.3874688148498535
0.03611212968826294
0.2670629620552063
0.04664785787463188
0.9495423436164856
0.020324407145380974
0.0022921767085790634
0.12648065388202667
0.010364532470703125
0.6597836017608643
0.012753915973007679
0.09616480767726898
0.0
0.0
0.5285465717315674
0.05102328956127167
0.9112736582756042
0.9647615551948547
0.21340760588645935
1.9315979443490505E-4
0.0074104261584579945
6.00277679041028E-4
0.9827765226364136
0.0
7.616860675625503E-4
4.605866561178118E-4
0.0
0.0
0.0047101303935050964
0.22424821555614471
0.2638982832431793
0.593291163444519
0.4360276162624359
0.7553569674491882
0.0065306080505251884
0.7897670269012451
0.7440820336341858
0.019215496256947517
0.0010242274729534984
0.0
0.011860566213726997
0.9826109409332275
0.5312554836273193
0.05669286847114563
0.6683028936386108
0.0
0.15221937000751495
0.5318066477775574
0.20228202641010284
0.0
0.001493746880441904
0.3462403416633606
0.04563446342945099
0.4552237391471863
0.11509494483470917
0.07331541180610657
0.2664441764354706
0.06468413770198822
0.011031882837414742
0.917860746383667
0.7819110155105591
0.004585523623973131
0.045990269631147385
0.024442395195364952
0.11717454344034195
0.02004140429198742
0.1206095740199089
0.022636959329247475
0.2229122519493103
0.6997382044792175
0.00653447862714529
0.9961751699447632
0.38199999928474426
0.012865178287029266
0.385712206363678
0.25154390931129456
0.17804452776908875
0.1417231410741806
0.2617768943309784
0.9372237920761108
0.37494611740112305
0.14762988686561584
0.17013631761074066
0.09920670837163925
0.9916471838951111
7.697207038290799E-4
