17
9
16
9
3
8
14
5
13
17
15
3
5
3
3
13
5
25
16
3
27
12
4
6
22
11
3
7
7
8
12
4
21
40
29
9
5
21
4
9
13
13
3
25
4
30
9
3
3
11
17
12
8
4
3
6
19
8
8
3
9
3
6
14
12
34
4
3
60
6
51
7
7
10
5
5
12
14
7
4
12
7
5
12
3
3
145
36
4
4
54
13
5
14
11
21
9
8
4
65
16
83
6
3
5
5
15
6
11
4
16
4
29
26
10
9
6
43
6
11
7
14
5
4
6
3
12
16
19
8
24
3
3
50
4
5
6
6
59
9
14
5
15
5
3
10
25
16
7
22
10
4
29
27
5
5
13
30
6
5
7
9
15
33
3
7
27
7
3
5
11
16
5
3
6
8
6
6
8
8
9
15
25
6
3
3
5
4
3
9
20
6
3
3
9
3
3
5
5
3
5
6
4
5
5
10
3
7
17
7
7
12
13
3
20
7
8
16
8
19
100
12
3
3
21
5
6
27
5
11
9
4
11
9
6
20
3
5
10
9
19
5
4
12
5
9
9
9
5
18
3
18
13
4
10
10
6
14
5
10
7
15
25
8
7
12
17
6
8
27
25
43
20
18
5
22
11
18
15
8
7
3
3
15
21
4
9
12
4
13
9
12
72
5
4
7
31
20
4
37
3
20
9
7
10
3
5
66
10
6
8
4
6
25
16
12
195
4
8
5
5
9
7
8
13
6
3
7
3
11
3
3
25
3
3
4
16
3
4
11
4
64
3
4
21
5
15
4
10
3
27
4
26
3
5
3
10
9
4
5
48
89
22
5
107
210
75
7
20
24
36
19
3
18
4
23
9
6
10
5
4
55
4
4
18
16
6
20
4
9
18
65
4
29
21
3
6
8
20
18
8
11
19
13
26
79
4
4
7
3
8
13
16
3
12
9
19
25
18
26
50
16
12
5
5
22
15
10
7
15
3
3
4
3
6
4
30
17
10
7
6
7
22
20
4
3
26
7
8
37
5
10
5
5
5
18
4
5
3
3
4
4
11
12
3
4
6
7
109
3
14
8
5
10
8
4
16
4
6
3
7
8
4
6
18
3
24
19
10
8
19
46
6
5
9
5
17
12
3
18
3
7
4
11
6
6
11
23
5
37
23
19
71
14
3
3
86
18
11
3
25
5
8
11
26
3
14
11
4
11
3
6
5
3
13
14
4
26
7
9
17
3
7
6
8
10
7
8
5
7
28
3
9
26
7
4
16
13
8
4
6
10
6
19
5
4
6
19
16
3
6
3
3
10
3
3
9
8
3
3
6
7
7
20
3
29
15
8
5
3
5
13
4
41
8
12
11
3
5
5
3
31
10
10
18
11
18
4
14
33
23
6
26
4
7
4
21
5
14
11
4
4
7
7
4
3
61
12
39
37
18
18
7
13
24
28
10
13
9
5
6
4
7
4
52
3
61
17
4
4
4
8
9
17
3
4
3
5
9
4
19
36
6
6
9
5
51
13
21
9
18
13
6
5
4
6
3
5
6
3
4
7
34
9
5
12
4
4
3
6
38
19
40
14
7
4
6
10
10
21
5
18
4
6
3
5
7
12
3
15
13
10
31
5
14
17
6
12
3
3
3
29
3
8
7
21
3
9
5
11
7
6
3
3
9
3
6
45
6
15
9
12
12
7
16
10
44
3
5
19
4
4
4
3
3
3
19
34
7
9
28
14
5
5
21
15
4
7
11
19
24
23
37
5
19
13
9
26
8
6
23
7
8
16
20
19
4
3
8
9
7
11
16
19
10
3
6
3
3
4
11
6
38
4
5
10
11
23
5
3
3
8
6
3
4
15
15
6
13
66
18
3
7
7
3
9
8
15
19
7
3
6
22
6
9
22
25
14
5
32
3
3
3
8
27
4
12
16
5
8
3
19
9
17
19
8
6
3
3
13
4
3
4
19
3
5
173
3
7
6
3
30
34
8
8
17
8
4
10
3
8
7
3
6
5
19
6
19
5
9
8
5
22
9
6
8
4
12
7
3
8
5
3
3
4
9
8
24
12
15
62
3
4
3
5
6
4
4
10
5
3
5
12
4
13
8
5
11
56
10
8
19
7
8
15
3
11
17
9
8
5
10
6
9
3
12
14
5
3
3
21
6
6
55
12
148
12
4
10
3
4
4
11
25
3
3
31
5
39
3
3
4
7
8
3
4
3
3
4
6
10
10
6
5
19
3
4
3
3
17
5
18
11
7
24
21
4
3
46
14
9
15
19
10
9
3
8
3
3
25
30
26
13
12
5
45
90
14
20
25
3
4
9
21
5
4
4
3
5
18
6
6
4
3
17
14
3
10
45
9
8
6
9
44
10
12
27
9
14
4
6
14
9
6
6
8
4
11
9
4
15
25
4
6
8
4
19
7
5
4
5
4
14
5
8
14
11
5
25
5
6
5
5
30
6
3
9
4
5
6
7
17
14
21
3
3
4
95
5
14
3
10
5
3
10
4
9
6
6
4
16
3
3
7
3
31
30
33
17
23
5
5
23
10
16
34
44
13
11
7
7
4
5
9
36
71
5
106
9
19
7
11
9
11
4
4
6
6
12
11
12
22
8
8
3
3
11
3
5
8
3
18
15
21
64
3
5
13
20
14
20
7
10
13
6
12
3
5
22
31
19
3
3
43
12
22
18
4
17
12
23
12
10
4
9
25
9
10
68
3
4
11
5
3
9
7
26
5
10
19
50
13
13
12
9
3
5
9
18
7
32
10
4
8
7
6
5
11
9
25
18
32
5
9
7
14
11
16
8
3
6
3
4
3
18
16
6
5
7
16
3
5
3
102
3
5
6
8
10
44
37
12
11
15
3
12
13
5
8
12
16
6
7
9
3
5
7
7
7
9
26
6
3
9
4
16
8
14
7
3
7
6
4
3
15
17
11
10
49
32
19
5
5
25
22
94
9
19
16
9
30
5
8
8
3
11
5
62
70
3
25
54
17
9
3
26
3
8
36
4
3
8
3
4
3
12
3
15
5
5
81
5
19
3
3
7
5
9
24
3
9
6
5
11
14
7
30
3
6
9
3
4
6
5
6
15
35
12
6
4
16
16
4
73
8
3
7
15
7
5
6
7
11
16
8
11
105
3
3
23
7
12
8
12
12
9
5
5
5
5
5
37
7
3
3
3
16
22
14
12
21
5
14
16
4
4
19
4
4
4
6
63
8
25
5
20
7
4
4
4
4
26
11
29
3
3
41
84
4
8
8
6
21
21
25
3
3
12
9
8
24
11
31
23
42
9
5
9
5
11
5
6
6
34
8
9
23
55
4
10
10
3
4
12
13
4
3
3
5
11
3
9
17
33
6
6
5
16
4
22
5
10
9
6
3
14
10
5
5
27
6
5
3
12
11
9
3
3
18
28
4
3
9
16
5
5
13
3
3
5
3
16
7
4
9
18
5
4
8
19
17
8
10
5
5
3
10
4
14
4
14
8
7
7
10
8
11
5
47
10
3
6
6
7
8
13
9
4
11
24
24
3
6
8
6
4
8
3
4
3
3
5
3
7
27
12
7
4
6
4
10
4
3
4
6
12
8
29
5
14
25
7
5
10
12
15
13
37
6
3
3
4
15
50
36
3
5
3
5
6
6
6
5
5
6
3
5
3
14
18
8
6
9
5
14
6
6
30
9
3
5
11
18
8
12
9
11
17
9
8
4
18
4
5
9
4
7
12
12
12
3
4
4
8
4
7
4
3
14
6
7
16
3
16
22
8
9
7
6
4
4
5
5
15
30
10
11
11
13
4
5
11
5
7
8
35
3
3
10
5
5
9
4
7
3
4
12
3
63
3
12
6
3
3
48
28
62
6
3
14
17
5
4
5
8
4
4
8
7
9
5
5
7
6
12
6
4
6
23
14
60
3
7
3
3
3
21
23
15
5
7
40
4
4
7
55
4
11
5
10
9
6
4
4
4
4
22
4
73
12
27
5
3
11
3
3
10
3
9
6
9
7
12
8
4
5
5
17
8
5
11
21
5
3
3
8
3
5
5
5
8
3
10
3
35
3
5
3
4
9
3
19
6
5
19
5
27
7
16
8
13
3
4
15
3
8
96
3
4
9
5
14
14
7
3
8
31
7
5
12
4
8
21
6
8
6
9
16
3
3
36
5
14
7
5
12
9
17
103
22
16
5
23
12
30
5
4
6
4
18
29
3
21
7
4
6
21
7
9
17
13
6
5
4
22
6
3
9
3
4
5
7
3
6
5
14
23
5
6
22
5
8
13
8
6
15
4
4
5
8
3
3
3
23
27
7
6
5
11
4
6
17
3
15
6
7
4
13
22
3
4
11
10
12
19
14
5
3
4
12
4
4
4
3
16
4
3
3
5
4
10
5
17
11
14
19
3
4
8
12
3
4
3
3
4
18
8
4
7
5
91
6
4
6
6
8
18
13
20
5
12
8
6
6
5
14
9
9
13
4
14
6
7
11
12
7
9
7
5
7
4
10
4
8
9
19
10
12
8
9
20
40
19
3
6
17
3
3
3
4
5
27
34
8
5
11
10
12
3
6
8
8
10
24
6
4
3
14
6
15
7
17
17
14
14
29
4
8
4
20
13
6
3
19
4
11
4
9
6
5
17
11
4
13
6
5
12
20
19
3
6
5
16
26
37
5
5
62
19
3
5
4
4
15
3
12
12
6
27
5
3
34
32
19
8
5
8
7
11
47
47
5
3
3
3
8
5
16
33
3
7
6
4
14
35
8
10
20
16
3
3
9
9
6
7
14
4
7
4
3
13
11
6
15
31
47
8
11
6
17
6
5
6
11
15
6
10
6
3
18
34
23
8
16
10
47
5
7
5
8
3
3
5
8
7
5
4
20
28
19
22
10
3
38
3
4
6
37
10
8
7
3
8
23
17
8
6
18
5
7
9
21
18
5
22
21
18
62
19
10
26
9
6
31
40
25
9
6
14
4
21
3
3
4
4
11
16
12
31
4
7
15
35
6
30
7
6
66
7
20
8
4
5
18
3
4
8
9
9
9
9
11
18
15
8
17
9
28
27
10
27
6
9
6
101
7
22
17
32
6
4
12
17
3
18
18
13
4
3
22
12
11
13
9
4
4
13
3
5
6
3
3
4
4
4
5
6
3
8
4
11
3
11
3
4
10
7
7
11
38
4
5
7
16
7
10
6
11
13
5
7
3
8
5
6
4
8
7
5
7
5
5
5
68
14
10
3
20
33
11
14
28
3
3
5
8
9
15
15
5
11
11
3
5
32
26
5
13
16
24
6
6
12
9
8
11
5
14
3
16
3
9
12
25
10
28
7
9
5
6
10
6
3
10
8
8
6
5
11
5
5
13
5
29
3
11
15
11
10
10
12
4
22
3
3
3
5
5
5
3
16
6
10
3
46
6
56
19
16
8
13
8
5
11
30
15
6
6
19
7
9
13
39
6
7
11
3
5
5
12
5
19
14
13
3
17
12
9
5
7
3
3
7
38
7
19
23
5
5
11
15
4
9
3
9
9
6
31
3
8
13
8
7
8
3
3
3
9
5
4
3
5
5
3
3
5
29
4
5
3
15
3
13
8
4
3
6
3
3
12
4
5
3
5
23
3
4
3
31
57
3
9
14
10
6
5
58
9
6
28
8
3
77
8
11
3
7
13
5
4
7
74
9
17
11
16
13
4
11
7
25
11
24
19
3
3
6
3
9
12
4
20
6
5
6
3
8
16
12
18
9
15
7
5
3
3
5
9
5
4
6
5
30
4
4
7
10
3
18
14
6
10
25
63
7
20
69
7
6
13
3
6
7
20
3
6
4
3
16
6
12
3
7
10
7
9
3
55
9
3
36
5
30
8
6
3
6
3
3
3
25
9
15
14
23
4
8
15
19
8
6
16
9
4
4
6
6
23
6
37
20
12
9
10
3
3
3
3
5
79
105
4
5
3
38
11
48
4
5
5
6
3
5
20
39
4
3
3
6
4
19
12
3
13
4
24
10
8
3
3
21
11
5
5
19
4
4
42
10
11
5
32
16
11
5
7
16
34
11
9
6
9
3
3
5
4
12
4
4
3
7
4
7
7
7
10
15
7
50
9
9
3
14
14
6
69
7
3
4
6
4
12
3
4
4
5
22
29
74
34
53
5
39
27
56
4
7
3
3
12
3
9
11
3
7
8
10
9
10
3
3
17
8
16
7
3
7
6
6
5
9
13
9
9
6
7
7
10
3
4
7
17
15
11
3
7
19
8
12
30
5
15
5
5
9
17
19
7
15
7
4
6
14
32
11
3
18
3
9
4
3
4
41
7
3
3
3
11
6
20
34
26
5
10
4
3
6
5
11
5
4
3
11
16
15
62
3
3
5
6
12
7
15
3
10
13
3
4
3
8
9
7
4
9
3
12
16
5
35
18
25
13
10
3
7
4
6
7
10
13
27
6
3
3
7
5
4
8
5
9
18
12
10
16
10
28
28
27
6
5
10
10
6
12
5
27
7
20
25
6
6
4
29
16
14
10
6
10
14
6
16
10
6
16
12
6
6
4
11
9
24
3
13
20
16
17
39
15
11
3
8
5
5
18
18
26
5
3
4
23
15
3
5
6
12
18
13
8
16
9
11
22
3
3
9
12
12
5
7
18
3
9
9
11
11
8
8
4
3
3
3
8
5
8
3
3
9
6
3
4
9
20
13
7
8
20
7
5
7
9
15
12
5
5
15
24
21
4
4
3
7
6
49
9
10
19
38
5
27
9
5
7
36
4
7
46
5
18
3
9
6
9
16
5
3
3
3
5
5
5
8
20
17
13
9
5
7
4
17
6
5
3
4
3
5
3
18
3
5
3
11
31
3
14
8
11
30
10
63
31
34
8
26
7
3
4
5
19
33
11
12
4
16
5
8
4
10
12
5
5
5
4
8
5
20
3
3
7
3
30
7
11
3
8
20
11
9
56
16
13
4
4
23
3
5
3
8
6
5
14
5
5
106
6
5
6
11
15
12
10
4
37
11
22
32
15
14
41
12
11
18
8
11
8
6
3
5
12
9
9
13
12
16
9
12
29
6
4
4
13
6
21
5
4
4
9
3
4
10
8
37
4
3
40
21
24
4
25
13
13
8
4
6
11
30
44
3
6
3
3
22
8
7
7
3
14
22
11
26
29
3
50
7
11
8
5
8
25
8
44
7
5
6
10
9
6
76
4
13
9
8
3
12
105
3
13
9
14
5
5
15
5
16
3
6
6
16
3
5
12
6
6
9
7
10
16
6
3
29
17
6
15
5
7
20
35
6
3
5
5
5
10
6
4
3
16
8
28
18
4
3
19
6
9
4
12
4
14
7
6
5
5
14
3
22
6
5
6
3
4
5
9
23
64
23
3
4
37
4
6
15
7
3
12
51
14
6
8
6
8
13
4
5
3
3
3
23
13
11
4
14
5
44
3
9
11
4
26
16
3
17
11
12
3
12
8
19
4
9
3
3
4
7
13
6
8
13
4
3
4
13
7
8
12
7
7
3
35
3
5
6
3
3
5
6
17
19
14
6
7
3
3
5
7
9
9
6
9
8
8
9
13
16
4
6
3
9
7
17
10
10
3
4
6
5
4
14
5
7
17
7
19
500
4
5
13
4
6
12
11
8
4
6
7
3
4
11
3
7
6
7
7
6
16
5
22
4
6
19
16
7
13
14
8
19
5
5
5
141
10
10
6
10
7
13
6
6
63
9
15
4
12
15
4
7
7
5
5
5
75
15
21
3
6
6
3
3
5
19
17
13
3
35
5
4
18
5
8
14
14
7
19
7
12
5
12
14
7
17
3
5
41
22
10
6
21
7
3
10
3
3
18
13
4
5
32
4
5
5
19
5
10
8
4
13
14
21
8
9
8
35
12
12
4
7
7
8
4
3
14
4
4
11
4
3
12
5
9
24
11
7
14
4
4
6
16
15
3
13
13
7
8
20
46
13
6
10
7
5
10
9
3
15
5
5
5
25
7
7
61
8
15
3
16
9
3
8
5
16
57
3
7
9
4
12
13
9
5
15
11
4
15
5
10
38
9
17
10
3
9
49
9
3
12
8
4
9
10
3
5
5
3
56
19
15
4
10
17
4
4
11
6
33
22
27
17
46
5
3
12
24
10
22
9
7
8
13
14
4
11
4
4
8
6
21
17
12
6
3
3
5
3
10
4
3
4
6
13
9
5
5
7
35
4
3
3
3
9
15
9
3
16
4
5
4
13
17
12
52
11
3
23
20
7
10
5
15
11
10
4
8
7
13
6
4
5
9
13
6
17
6
22
479
8
18
24
4
11
13
36
16
9
8
10
3
6
31
5
3
19
49
85
15
10
7
9
3
9
5
8
22
6
20
4
97
7
12
24
9
14
16
3
3
4
4
4
3
3
3
6
24
14
6
13
3
15
20
8
19
10
6
3
37
18
6
8
28
5
14
4
4
8
6
24
8
5
7
8
13
6
3
3
3
9
12
3
9
9
18
9
10
4
24
5
5
7
3
7
3
8
3
3
8
6
5
5
3
15
14
10
10
10
5
4
6
7
8
11
7
24
11
3
6
5
4
4
24
8
3
7
8
4
3
17
9
8
7
4
9
3
3
12
5
3
8
10
12
12
21
3
37
11
18
3
3
4
60
10
8
16
49
39
39
25
7
5
14
5
4
7
26
10
15
15
54
3
36
31
5
6
7
11
23
8
18
68
6
166
54
5
7
3
14
71
14
11
4
5
10
10
46
4
3
8
7
10
17
3
6
10
11
14
42
21
5
5
3
6
16
20
3
3
8
9
6
13
7
9
41
23
4
17
5
8
8
15
6
3
6
8
8
5
6
5
10
16
4
6
15
18
4
5
37
3
3
8
26
4
13
23
3
43
6
6
14
9
9
9
21
8
12
15
4
55
19
3
17
7
10
10
13
13
13
22
47
8
9
45
13
16
26
11
7
29
8
17
86
23
5
6
6
19
6
3
3
3
4
10
12
8
7
5
7
8
5
4
3
4
14
12
8
18
5
5
5
5
3
4
4
6
15
5
3
6
12
18
13
4
12
3
9
6
7
3
9
6
10
19
44
13
23
8
6
11
27
5
5
3
3
24
4
27
3
5
6
25
11
5
12
9
13
3
5
8
25
15
11
54
44
12
5
7
10
3
18
10
6
19
15
15
19
13
8
30
27
3
7
10
9
7
6
4
4
5
26
5
13
4
9
5
12
3
5
53
9
6
8
6
6
45
10
6
8
20
3
12
13
11
5
5
23
4
15
9
4
11
7
3
4
5
7
3
23
5
5
20
3
7
5
10
9
14
17
6
9
8
6
9
3
25
5
13
6
3
13
3
18
5
4
8
14
11
13
8
18
6
4
12
5
18
3
3
3
25
3
9
3
3
9
14
5
416
27
4
3
13
8
3
42
5
10
11
8
95
8
10
10
19
5
6
3
11
20
28
5
20
6
21
14
5
4
15
4
12
4
5
13
3
4
8
13
3
4
4
10
11
8
4
20
3
3
17
3
5
5
15
3
6
14
6
3
3
19
5
3
19
4
17
11
16
23
12
15
6
5
4
4
4
8
3
10
3
7
3
30
12
3
4
26
22
7
6
5
31
9
8
4
7
8
4
18
15
20
41
5
5
57
5
18
12
7
11
7
7
11
7
3
13
12
7
10
7
11
4
3
37
4
21
9
3
12
5
11
8
4
17
4
3
7
3
35
14
3
17
5
38
63
18
4
14
11
4
6
4
32
15
12
14
3
37
59
9
22
3
22
39
3
6
18
3
46
7
3
7
16
9
7
8
21
10
10
3
13
26
16
13
11
5
30
17
12
4
19
4
14
3
10
5
10
9
3
5
16
3
13
32
