0.18181818181818182
0.125
0.32
0.0
0.07142857142857142
0.22727272727272727
0.13333333333333333
0.5
0.09803921568627451
0.043478260869565216
0.07894736842105263
1.0
0.2727272727272727
0.0
0.0
0.3888888888888889
0.3076923076923077
0.3953488372093023
0.06451612903225806
0.18181818181818182
0.06976744186046512
0.16666666666666666
0.0
0.4
0.4166666666666667
0.36363636363636365
0.6666666666666666
0.17391304347826086
0.19047619047619047
0.11764705882352941
0.5294117647058824
0.25
0.13636363636363635
0.35
0.3333333333333333
0.46153846153846156
0.2857142857142857
0.1702127659574468
0.4375
0.42857142857142855
0.19230769230769232
0.375
0.25
0.38095238095238093
1.0
0.1935483870967742
0.6
0.3
0.5
0.24
0.47058823529411764
0.3076923076923077
0.3
0.0
0.3
0.5
0.14285714285714285
0.17391304347826086
0.3157894736842105
0.05263157894736842
0.2
0.3333333333333333
0.46153846153846156
0.19444444444444445
0.0
0.058823529411764705
0.5384615384615384
0.23076923076923078
0.375
0.45454545454545453
0.0
0.25
0.3076923076923077
0.4117647058823529
0.2
0.16666666666666666
0.3157894736842105
0.30303030303030304
0.2962962962962963
0.0
0.2727272727272727
0.15789473684210525
0.3
0.23076923076923078
0.6666666666666666
0.045454545454545456
0.1326530612244898
0.2391304347826087
0.42857142857142855
0.42857142857142855
0.3877551020408163
0.391304347826087
0.42857142857142855
0.6666666666666666
0.25806451612903225
0.15789473684210525
0.18518518518518517
0.5882352941176471
1.0
0.3275862068965517
0.3333333333333333
0.19117647058823528
0.09090909090909091
0.3333333333333333
0.14285714285714285
0.13333333333333333
0.6
0.21052631578947367
0.13636363636363635
0.5
0.2926829268292683
0.5
0.2916666666666667
0.16
0.2222222222222222
0.2222222222222222
0.0
0.171875
0.125
0.0
0.0
0.23809523809523808
0.6666666666666666
0.5454545454545454
0.1111111111111111
0.3333333333333333
0.21428571428571427
0.2727272727272727
0.28125
0.3333333333333333
0.31666666666666665
0.0
0.25
0.34146341463414637
0.3333333333333333
0.2
0.09090909090909091
0.26666666666666666
0.09333333333333334
0.5
0.2727272727272727
0.4
0.21951219512195122
0.10526315789473684
0.125
0.1111111111111111
0.35714285714285715
0.4117647058823529
0.6111111111111112
0.18181818181818182
0.2777777777777778
0.3333333333333333
0.20512820512820512
0.19047619047619047
0.4
0.6
0.18181818181818182
0.3125
0.6
0.6111111111111112
0.047619047619047616
0.11538461538461539
0.1836734693877551
0.23333333333333334
0.125
0.375
0.4857142857142857
0.42857142857142855
0.0
0.4444444444444444
0.3157894736842105
0.07692307692307693
0.16666666666666666
0.09090909090909091
0.3
0.5
0.3888888888888889
0.15384615384615385
0.09090909090909091
0.2222222222222222
0.125
0.3333333333333333
0.32142857142857145
0.3333333333333333
0.625
0.5217391304347826
0.2857142857142857
0.08333333333333333
0.21428571428571427
0.12903225806451613
0.25
0.25
0.625
0.625
0.45454545454545453
0.4
0.3
0.0
0.3333333333333333
0.45454545454545453
0.4
0.25806451612903225
0.25
0.07142857142857142
0.07692307692307693
0.25
0.0
0.7
0.08333333333333333
0.3333333333333333
0.25
0.627906976744186
0.075
0.5
0.25925925925925924
0.8
0.2682926829268293
0.1702127659574468
0.22857142857142856
0.18867924528301888
0.2222222222222222
0.2
0.0
0.15384615384615385
0.5178571428571429
0.3
0.15384615384615385
0.18604651162790697
0.2222222222222222
0.358974358974359
0.39285714285714285
0.16666666666666666
0.1111111111111111
0.5
0.3
0.2857142857142857
0.0
0.16666666666666666
0.125
0.42857142857142855
0.25
0.6
0.08333333333333333
0.3333333333333333
0.46153846153846156
0.5714285714285714
0.3333333333333333
0.6666666666666666
0.18181818181818182
0.16666666666666666
0.06666666666666667
0.5588235294117647
0.25
0.1
0.15789473684210525
0.18518518518518517
0.5714285714285714
0.35714285714285715
0.38461538461538464
0.16666666666666666
0.42857142857142855
0.22580645161290322
0.2413793103448276
0.2777777777777778
0.15789473684210525
0.0
0.0
0.3125
0.6666666666666666
0.11764705882352941
0.15384615384615385
0.05405405405405406
0.16666666666666666
0.07692307692307693
0.0
0.07142857142857142
0.15789473684210525
0.20689655172413793
0.2
0.6666666666666666
0.17391304347826086
0.09090909090909091
0.4444444444444444
0.08333333333333333
0.3333333333333333
0.16666666666666666
0.125
0.45454545454545453
0.09090909090909091
0.5384615384615384
0.0
0.4
0.05405405405405406
0.2727272727272727
0.5
0.47058823529411764
0.2571428571428571
0.19230769230769232
0.3076923076923077
0.2465753424657534
0.18181818181818182
0.4090909090909091
0.19047619047619047
0.38461538461538464
0.6923076923076923
0.0
0.25
0.13793103448275862
0.36363636363636365
0.23809523809523808
0.25
0.42857142857142855
0.625
0.19047619047619047
0.23529411764705882
0.2857142857142857
0.12222222222222222
0.0
0.21739130434782608
0.3
0.45454545454545453
0.2
0.25
0.0
0.25
0.38095238095238093
0.2727272727272727
0.3125
0.7272727272727273
1.0
NaN
1.0
0.4461538461538462
0.25
0.0
0.1111111111111111
0.425
1.0
0.23529411764705882
0.5714285714285714
0.2857142857142857
0.1232876712328767
0.058823529411764705
0.2857142857142857
0.1111111111111111
0.2
0.25
0.14285714285714285
0.6428571428571429
0.16666666666666666
0.40625
0.5
0.05555555555555555
0.25
0.8571428571428571
0.5
0.2857142857142857
0.3157894736842105
0.16666666666666666
0.3333333333333333
0.1951219512195122
0.30386740331491713
0.19230769230769232
0.3888888888888889
0.19230769230769232
0.1171875
0.16666666666666666
0.6153846153846154
0.1875
0.3888888888888889
0.4444444444444444
0.26666666666666666
0.3
0.20833333333333334
0.4117647058823529
0.22727272727272727
0.08571428571428572
0.5
0.3333333333333333
0.2
0.5714285714285714
0.3157894736842105
0.18181818181818182
0.18181818181818182
0.23529411764705882
0.2222222222222222
0.2
0.22580645161290322
0.4444444444444444
0.25
0.41025641025641024
0.13414634146341464
0.42857142857142855
0.2903225806451613
0.25
0.36363636363636365
0.4
0.5833333333333334
0.30434782608695654
0.3225806451612903
0.22727272727272727
0.14285714285714285
0.15
0.3055555555555556
0.2537313432835821
0.14457831325301204
0.0
0.2857142857142857
0.22727272727272727
0.08333333333333333
0.3333333333333333
0.3
0.16666666666666666
0.42857142857142855
0.34210526315789475
0.375
0.34782608695652173
0.3333333333333333
0.1111111111111111
0.25925925925925924
0.5263157894736842
0.36363636363636365
0.3076923076923077
1.0
0.42857142857142855
0.08247422680412371
0.42105263157894735
0.13043478260869565
0.1935483870967742
0.5625
0.0
0.3333333333333333
0.3333333333333333
1.0
0.25
0.3333333333333333
0.14285714285714285
0.3076923076923077
0.11538461538461539
0.16666666666666666
0.3
0.625
0.4117647058823529
0.275
0.0
0.2727272727272727
0.2222222222222222
0.25
0.07692307692307693
0.27586206896551724
0.125
1.0
0.1111111111111111
0.0
0.0
0.1111111111111111
0.0
0.0
0.14285714285714285
0.375
0.5
0.5
0.4782608695652174
0.4878048780487805
0.75
0.18181818181818182
0.3333333333333333
0.21739130434782608
0.272
0.15384615384615385
0.5909090909090909
0.5
0.3793103448275862
0.6666666666666666
0.3076923076923077
0.23076923076923078
0.25
0.6666666666666666
0.5714285714285714
0.36363636363636365
0.19047619047619047
0.46153846153846156
0.25
0.3333333333333333
0.35294117647058826
0.16666666666666666
0.2
0.24
0.375
0.25
0.36
0.18604651162790697
0.09090909090909091
0.23076923076923078
0.21428571428571427
0.2857142857142857
0.23529411764705882
0.16666666666666666
0.5294117647058824
0.14285714285714285
0.4166666666666667
0.14285714285714285
0.4166666666666667
0.48
0.4
0.16666666666666666
0.42857142857142855
0.23076923076923078
0.15384615384615385
0.10606060606060606
0.39655172413793105
0.25
0.30357142857142855
0.1111111111111111
0.14285714285714285
0.35714285714285715
0.1891891891891892
0.5
0.5
0.1875
0.38095238095238093
0.1
0.1111111111111111
0.26666666666666666
0.3333333333333333
0.42857142857142855
0.23809523809523808
0.0
0.0
0.35294117647058826
0.0
0.5
0.8571428571428571
1.0
0.46153846153846156
0.5294117647058824
0.23809523809523808
0.15384615384615385
0.1
0.3125
0.25
0.5
0.4
0.25
0.45454545454545453
0.15151515151515152
0.36363636363636365
0.2857142857142857
0.45454545454545453
0.21052631578947367
0.2857142857142857
0.0
0.6666666666666666
0.1724137931034483
0.2222222222222222
0.0
0.3
0.4117647058823529
0.6
0.3333333333333333
0.42105263157894735
0.05555555555555555
0.391304347826087
0.46153846153846156
0.0
0.16666666666666666
0.0
0.4358974358974359
0.25
0.25
0.25
0.10526315789473684
0.06666666666666667
0.23809523809523808
0.25
0.125
0.0625
0.07692307692307693
0.6666666666666666
0.23076923076923078
0.42857142857142855
0.2
0.375
0.3333333333333333
0.08333333333333333
0.08333333333333333
0.21052631578947367
0.17391304347826086
0.45454545454545453
0.75
0.2222222222222222
0.2727272727272727
0.16666666666666666
0.19718309859154928
0.3333333333333333
0.5454545454545454
0.38461538461538464
1.0
0.21428571428571427
0.2
0.0
0.5
0.3125
0.14285714285714285
0.2857142857142857
0.21428571428571427
0.30952380952380953
0.36363636363636365
0.10344827586206896
0.23711340206185566
0.6666666666666666
0.5185185185185185
0.14285714285714285
0.0
0.8571428571428571
0.8571428571428571
0.02631578947368421
0.08333333333333333
0.12
0.25
0.4444444444444444
0.1875
0.3333333333333333
0.42857142857142855
0.2
0.4444444444444444
0.3333333333333333
0.4166666666666667
0.2391304347826087
0.22916666666666666
0.39473684210526316
0.5555555555555556
0.3333333333333333
0.11764705882352941
0.26666666666666666
0.14893617021276595
0.0
0.6428571428571429
0.25
0.375
0.38461538461538464
0.0
0.2857142857142857
0.375
0.2733812949640288
0.18181818181818182
0.11538461538461539
0.3
0.2222222222222222
0.2
0.35294117647058826
0.6
0.21052631578947367
0.2903225806451613
0.0
0.125
0.5
0.0
0.125
0.3333333333333333
0.15789473684210525
0.2608695652173913
0.125
0.26666666666666666
0.35
0.4
0.1746031746031746
0.14285714285714285
0.391304347826087
0.6
0.5
0.23529411764705882
0.23529411764705882
0.1
0.25
0.13333333333333333
0.17647058823529413
0.4
0.17647058823529413
0.0
0.17647058823529413
0.42105263157894735
0.2459016393442623
0.125
0.0
0.2
0.15789473684210525
0.2727272727272727
0.3
0.10526315789473684
0.28
0.25
0.175
0.16666666666666666
0.3333333333333333
0.0
0.0
0.35714285714285715
0.125
0.3333333333333333
0.42857142857142855
0.2413793103448276
0.15384615384615385
0.2777777777777778
0.34782608695652173
0.38461538461538464
0.18181818181818182
0.391304347826087
0.25
0.3684210526315789
0.23333333333333334
0.2727272727272727
0.3
0.29411764705882354
0.13725490196078433
0.2
0.2
0.30434782608695654
0.375
0.75
0.5
0.3076923076923077
0.0
0.6666666666666666
0.3
0.13513513513513514
0.2
0.16666666666666666
0.5833333333333334
0.375
0.21428571428571427
0.6666666666666666
0.0
0.0
0.23076923076923078
0.0
0.05263157894736842
0.171875
0.11764705882352941
0.2
0.5217391304347826
0.2916666666666667
0.11428571428571428
0.5384615384615384
0.16666666666666666
0.2
0.11764705882352941
0.0
0.0
0.2
0.5625
0.25
0.0
0.6
0.5
0.6
0.3333333333333333
0.4827586206896552
0.19047619047619047
0.42857142857142855
0.23076923076923078
0.32
0.3125
0.29411764705882354
0.0
0.11764705882352941
0.2857142857142857
0.25
0.0625
0.13636363636363635
0.07692307692307693
0.15
0.3333333333333333
0.25
0.11538461538461539
0.3783783783783784
0.375
0.375
0.38461538461538464
0.25
0.09523809523809523
0.2
0.125
0.28
0.21428571428571427
0.35294117647058826
0.1111111111111111
0.1111111111111111
0.65
0.23076923076923078
0.13333333333333333
0.2857142857142857
0.2777777777777778
0.2692307692307692
0.2692307692307692
0.2727272727272727
0.4642857142857143
0.3333333333333333
0.25
0.25
0.4
0.2222222222222222
0.25
0.7142857142857143
0.0
0.5
0.5333333333333333
0.24
0.26666666666666666
0.2727272727272727
0.4666666666666667
0.15789473684210525
0.09090909090909091
0.3333333333333333
0.16666666666666666
0.3076923076923077
0.2727272727272727
0.0
0.29411764705882354
0.3404255319148936
0.34782608695652173
0.375
0.4
0.6666666666666666
0.08333333333333333
0.25
0.20689655172413793
0.21666666666666667
0.21428571428571427
0.36363636363636365
0.2222222222222222
0.1
0.32558139534883723
0.1
0.2909090909090909
0.3181818181818182
0.17391304347826086
0.2857142857142857
0.16666666666666666
0.18181818181818182
0.4
0.25
0.4444444444444444
0.26666666666666666
0.14634146341463414
0.2857142857142857
0.09090909090909091
0.21428571428571427
0.23076923076923078
0.3333333333333333
0.25
0.38095238095238093
0.3333333333333333
0.17647058823529413
0.2777777777777778
0.0
0.5263157894736842
0.16666666666666666
0.2222222222222222
0.39473684210526316
0.5
0.16666666666666666
0.0
0.2777777777777778
0.25
0.0
0.2
0.75
0.5
0.46153846153846156
0.5833333333333334
0.12195121951219512
0.14
0.14285714285714285
0.36363636363636365
0.18518518518518517
0.19047619047619047
0.4
0.1111111111111111
0.46153846153846156
0.09090909090909091
0.2857142857142857
0.4
0.4666666666666667
0.2631578947368421
0.26666666666666666
0.38461538461538464
0.2
0.47368421052631576
0.08333333333333333
0.35294117647058826
0.75
0.34615384615384615
0.3157894736842105
0.2
0.3076923076923077
0.09090909090909091
0.3333333333333333
0.2857142857142857
0.4444444444444444
0.3870967741935484
0.4
0.3333333333333333
0.3333333333333333
0.125
0.23076923076923078
0.4716981132075472
0.17307692307692307
0.20833333333333334
0.2
0.10256410256410256
0.0
0.16666666666666666
0.0
0.25
0.125
0.3333333333333333
0.26666666666666666
0.0
0.25
0.4
0.4
0.1111111111111111
0.09090909090909091
0.4482758620689655
0.17391304347826086
0.1875
0.5555555555555556
0.07142857142857142
0.21052631578947367
0.1111111111111111
0.14285714285714285
0.21428571428571427
0.15384615384615385
0.17391304347826086
0.2
0.1111111111111111
0.1
0.26666666666666666
0.2222222222222222
0.5
0.2
0.23529411764705882
0.3333333333333333
0.42857142857142855
0.0
0.17857142857142858
NaN
NaN
0.5555555555555556
0.5
0.21428571428571427
0.1
0.3114754098360656
0.3333333333333333
0.2122905027932961
0.0
0.16666666666666666
0.21428571428571427
0.16666666666666666
0.21428571428571427
0.35294117647058826
0.41025641025641024
0.5301204819277109
0.0
0.0
0.288135593220339
0.2857142857142857
0.17307692307692307
0.0
0.0
0.0
0.23809523809523808
0.15384615384615385
1.0
0.0
0.17391304347826086
0.2
0.4
0.5833333333333334
0.25
0.2727272727272727
0.16666666666666666
0.5
0.3333333333333333
0.125
0.1875
0.6
0.6
0.2459016393442623
0.47619047619047616
0.2222222222222222
0.23809523809523808
0.25
0.12903225806451613
0.25806451612903225
1.0
0.3076923076923077
0.3333333333333333
0.45454545454545453
0.4
0.14583333333333334
0.4
0.3076923076923077
0.25
0.09090909090909091
0.058823529411764705
0.2857142857142857
0.42857142857142855
0.2631578947368421
0.24324324324324326
0.45454545454545453
0.20930232558139536
0.5
0.2727272727272727
0.2597402597402597
0.46846846846846846
0.3333333333333333
0.5087719298245614
0.23809523809523808
0.3333333333333333
0.2222222222222222
0.2857142857142857
0.225
0.0
0.09090909090909091
0.2857142857142857
0.2
0.23529411764705882
0.1891891891891892
0.4166666666666667
0.3333333333333333
0.037037037037037035
0.0
0.34615384615384615
0.17142857142857143
0.6
0.25
0.05172413793103448
0.0
0.2222222222222222
0.5
0.25
0.2037037037037037
0.06666666666666667
0.2631578947368421
0.26666666666666666
0.42857142857142855
0.25
0.15384615384615385
0.375
0.4444444444444444
0.16666666666666666
0.125
0.1111111111111111
0.2777777777777778
0.15384615384615385
0.23809523809523808
0.3
0.125
0.3888888888888889
0.5555555555555556
0.391304347826087
0.14285714285714285
0.21428571428571427
0.4
0.21739130434782608
0.2692307692307692
0.3333333333333333
0.2222222222222222
0.21428571428571427
0.2777777777777778
0.4782608695652174
0.0625
0.5625
0.5
0.35294117647058826
0.42857142857142855
0.5714285714285714
0.1111111111111111
0.1111111111111111
0.05555555555555555
0.11764705882352941
0.09375
0.5
0.7
0.5405405405405406
0.5263157894736842
0.5
0.058823529411764705
0.6190476190476191
0.7272727272727273
0.6666666666666666
0.4074074074074074
0.45454545454545453
0.14285714285714285
0.2857142857142857
0.2898550724637681
0.1
0.25
0.2857142857142857
0.1
0.21052631578947367
0.5
0.14285714285714285
0.3333333333333333
0.3333333333333333
0.3125
0.45454545454545453
0.375
0.3333333333333333
0.0
0.0
0.48484848484848486
0.16666666666666666
0.10666666666666667
0.11267605633802817
0.060240963855421686
0.4
0.22
0.3333333333333333
0.8
0.5555555555555556
1.0
0.09433962264150944
0.5142857142857142
0.25
0.5
0.5
0.5833333333333334
0.5
0.14285714285714285
0.4444444444444444
0.4375
0.0
0.07777777777777778
0.0625
0.2159090909090909
0.14814814814814814
0.35714285714285715
0.0
0.3076923076923077
0.5357142857142857
0.2
0.08333333333333333
0.07692307692307693
0.3333333333333333
0.5833333333333334
0.2727272727272727
0.4444444444444444
0.45161290322580644
0.15384615384615385
0.05263157894736842
0.08333333333333333
0.3
0.3333333333333333
0.40625
0.13636363636363635
0.47058823529411764
1.0
0.36363636363636365
0.3125
0.28
0.1282051282051282
0.3025210084033613
0.625
0.625
0.4
0.4444444444444444
0.5
0.2571428571428571
0.08695652173913043
0.15384615384615385
0.13333333333333333
0.625
0.4166666666666667
0.13636363636363635
0.38461538461538464
0.24390243902439024
0.4473684210526316
0.19047619047619047
0.16666666666666666
0.16666666666666666
0.29310344827586204
0.4375
0.3611111111111111
0.10344827586206896
0.625
0.2647058823529412
0.4166666666666667
0.15789473684210525
0.35294117647058826
0.25
0.1
0.13333333333333333
0.5
0.25
0.18181818181818182
0.14634146341463414
0.3157894736842105
0.16666666666666666
0.3333333333333333
0.3333333333333333
0.16666666666666666
0.6666666666666666
0.16666666666666666
0.26666666666666666
0.3333333333333333
0.20833333333333334
0.20512820512820512
0.13513513513513514
0.1694915254237288
0.375
0.11764705882352941
0.3333333333333333
0.5
0.25
0.5714285714285714
0.5714285714285714
0.3333333333333333
0.14285714285714285
0.5833333333333334
0.0
0.11764705882352941
0.15789473684210525
0.23529411764705882
0.45454545454545453
0.17391304347826086
0.25
0.125
0.32
0.5
0.2727272727272727
0.2413793103448276
0.07142857142857142
0.48
0.5384615384615384
0.42105263157894735
0.3333333333333333
0.75
0.5
0.3333333333333333
0.4
0.5714285714285714
0.21052631578947367
0.35714285714285715
0.43333333333333335
0.3
0.15789473684210525
0.2
0.4782608695652174
0.2222222222222222
0.4117647058823529
0.16666666666666666
0.5714285714285714
0.21052631578947367
0.6666666666666666
0.42424242424242425
0.42857142857142855
0.2727272727272727
0.18461538461538463
0.1509433962264151
0.35714285714285715
0.42857142857142855
0.25
0.25
0.55
0.125
0.41935483870967744
0.0
0.4782608695652174
0.35
0.09523809523809523
0.7692307692307693
0.0625
0.2857142857142857
0.11764705882352941
0.0
0.0
0.5333333333333333
0.2962962962962963
0.08695652173913043
0.375
0.08333333333333333
0.10526315789473684
0.2962962962962963
0.26666666666666666
0.48
0.3333333333333333
0.3333333333333333
0.14285714285714285
0.05555555555555555
0.375
0.10526315789473684
0.36585365853658536
0.2
0.32
0.037037037037037035
0.10909090909090909
0.3333333333333333
0.52
0.07142857142857142
0.2222222222222222
0.29411764705882354
0.19230769230769232
0.13513513513513514
0.3333333333333333
0.7894736842105263
0.42857142857142855
0.2777777777777778
0.17857142857142858
0.5
0.09090909090909091
0.07692307692307693
0.3076923076923077
0.2
0.4444444444444444
0.22641509433962265
0.09090909090909091
0.047619047619047616
0.14814814814814814
0.12962962962962962
0.3076923076923077
0.46153846153846156
0.5
0.25
0.7777777777777778
0.7727272727272727
0.30434782608695654
0.22916666666666666
0.125
0.2857142857142857
0.0
0.3
0.125
0.24324324324324326
0.4375
0.2
0.2857142857142857
0.2857142857142857
0.22058823529411764
0.23076923076923078
0.18181818181818182
0.2
0.3333333333333333
0.46153846153846156
0.4666666666666667
0.4117647058823529
0.30612244897959184
0.6
0.6
0.14285714285714285
0.6
0.35294117647058826
0.1111111111111111
0.14285714285714285
0.21818181818181817
0.5
0.36363636363636365
0.2222222222222222
0.41025641025641024
0.6
0.12
0.4
0.4166666666666667
0.2
0.41379310344827586
0.05
0.5555555555555556
0.375
0.17647058823529413
0.35
0.2
0.25396825396825395
0.20689655172413793
0.2222222222222222
0.10344827586206896
0.23076923076923078
0.2857142857142857
0.4
0.42857142857142855
0.5384615384615384
0.3235294117647059
0.20512820512820512
0.29411764705882354
0.2631578947368421
0.22988505747126436
0.45
0.06666666666666667
0.15384615384615385
0.13333333333333333
0.29411764705882354
0.4166666666666667
0.23809523809523808
0.2631578947368421
0.18181818181818182
0.26666666666666666
0.25
0.2
0.2
0.35714285714285715
0.21875
0.13043478260869565
0.13636363636363635
0.26666666666666666
0.4
0.06896551724137931
0.08108108108108109
0.0
0.05555555555555555
0.29508196721311475
0.25
0.45
0.23076923076923078
0.3
0.3
0.2916666666666667
0.5263157894736842
0.6666666666666666
0.6666666666666666
0.16666666666666666
0.2077922077922078
0.18181818181818182
0.24324324324324326
0.09090909090909091
0.42857142857142855
0.3225806451612903
0.14285714285714285
0.0
0.0
0.18518518518518517
0.16216216216216217
0.3333333333333333
0.14705882352941177
0.23529411764705882
0.26666666666666666
0.11428571428571428
0.13559322033898305
0.05555555555555555
0.02702702702702703
0.029411764705882353
0.2857142857142857
0.23529411764705882
0.20588235294117646
0.20588235294117646
0.07692307692307693
0.21428571428571427
0.16666666666666666
0.26666666666666666
0.7
0.35789473684210527
0.23076923076923078
0.3333333333333333
0.15
0.44
0.25
0.6666666666666666
0.4
0.7
0.16666666666666666
0.0
0.18181818181818182
0.2857142857142857
0.16923076923076924
0.16216216216216217
0.15
0.11363636363636363
0.2857142857142857
0.36363636363636365
0.05
0.3103448275862069
0.10526315789473684
0.07142857142857142
0.23809523809523808
0.1111111111111111
0.07692307692307693
0.10526315789473684
0.2
0.18181818181818182
0.1875
0.07692307692307693
0.1875
0.17543859649122806
0.28888888888888886
0.5882352941176471
0.1111111111111111
0.24242424242424243
0.029411764705882353
0.2
0.5
0.5
0.3333333333333333
0.0
0.0
0.1111111111111111
0.21739130434782608
0.38461538461538464
0.1111111111111111
0.5333333333333333
0.6296296296296297
0.5
0.6666666666666666
0.8333333333333334
0.6190476190476191
0.6190476190476191
0.07142857142857142
0.5
0.14285714285714285
0.15384615384615385
0.3684210526315789
0.5
0.0
0.36363636363636365
0.5
0.375
0.4642857142857143
0.16
0.14285714285714285
0.5454545454545454
0.46153846153846156
0.0
0.2857142857142857
0.4
0.8
0.3333333333333333
0.42424242424242425
0.1111111111111111
0.2
0.25
0.25
0.10344827586206896
0.35
0.5
0.13043478260869565
0.7
0.0
0.25925925925925924
0.0
0.21875
0.2222222222222222
0.25
0.25
0.0
0.2
0.7
0.2857142857142857
0.2916666666666667
0.3333333333333333
0.0945945945945946
0.25
0.23529411764705882
0.4
0.6666666666666666
0.45
0.3333333333333333
0.10344827586206896
0.16666666666666666
0.23076923076923078
0.5555555555555556
0.25
0.17391304347826086
0.0
0.1
0.6666666666666666
0.07142857142857142
0.36363636363636365
0.16666666666666666
0.42857142857142855
0.25
0.5
0.5
0.4
0.3333333333333333
0.37037037037037035
0.34
0.5
0.18181818181818182
0.2857142857142857
0.4
0.0
0.1
0.13333333333333333
0.2857142857142857
0.2
0.7142857142857143
0.24
0.4444444444444444
0.41304347826086957
0.25
0.38235294117647056
0.16666666666666666
0.3888888888888889
0.5
0.23076923076923078
0.45454545454545453
0.2727272727272727
0.18518518518518517
0.1111111111111111
0.0
0.3333333333333333
0.3333333333333333
0.06666666666666667
0.05
0.15384615384615385
0.08333333333333333
0.08333333333333333
0.19047619047619047
0.75
0.16666666666666666
0.36363636363636365
0.5333333333333333
0.13333333333333333
0.0
0.6363636363636364
0.6666666666666666
0.42857142857142855
0.0
0.45454545454545453
0.48148148148148145
0.2
0.5555555555555556
0.21052631578947367
0.0
0.42857142857142855
0.11363636363636363
0.36363636363636365
0.3125
0.15
0.7142857142857143
0.25
0.18181818181818182
0.0625
0.38095238095238093
0.4375
0.2
0.5294117647058824
0.375
0.26666666666666666
0.3684210526315789
0.2916666666666667
0.10526315789473684
0.10344827586206896
0.5
0.2727272727272727
0.375
0.3
0.42857142857142855
0.21428571428571427
0.16666666666666666
0.36363636363636365
0.14285714285714285
0.25
0.2727272727272727
0.5384615384615384
0.11764705882352941
0.07692307692307693
0.21428571428571427
0.23076923076923078
0.14285714285714285
0.2
0.3333333333333333
0.25
0.8571428571428571
0.058823529411764705
0.45454545454545453
0.2857142857142857
0.21428571428571427
0.2222222222222222
0.2
0.5
0.4444444444444444
0.5
0.5
0.2916666666666667
0.3181818181818182
0.4166666666666667
0.16666666666666666
0.07142857142857142
0.13636363636363635
0.375
0.09090909090909091
0.45454545454545453
0.3076923076923077
0.5
0.4166666666666667
0.3684210526315789
0.42857142857142855
0.3333333333333333
0.5
0.35714285714285715
0.375
0.3333333333333333
0.4
0.4
0.3333333333333333
0.5
0.7
0.3114754098360656
0.12698412698412698
0.36363636363636365
0.3181818181818182
0.4
0.375
0.25
0.359375
0.7272727272727273
0.2916666666666667
0.07692307692307693
0.0
0.3333333333333333
0.4090909090909091
0.3333333333333333
0.5
0.18181818181818182
0.3
0.48
0.16666666666666666
0.5263157894736842
0.5
0.35714285714285715
0.45454545454545453
0.36363636363636365
0.35714285714285715
0.23809523809523808
0.2727272727272727
0.36363636363636365
0.09090909090909091
0.125
0.2692307692307692
0.28
0.13043478260869565
0.7142857142857143
0.4166666666666667
0.6666666666666666
0.17647058823529413
0.6666666666666666
0.15625
0.08695652173913043
0.14285714285714285
0.2
0.15789473684210525
0.23333333333333334
0.4166666666666667
0.4117647058823529
0.3181818181818182
0.27906976744186046
0.47619047619047616
0.5454545454545454
0.6
0.3225806451612903
0.5
0.7
0.3333333333333333
0.8095238095238095
0.7142857142857143
0.6666666666666666
0.43243243243243246
0.5714285714285714
0.1590909090909091
0.3125
0.3333333333333333
0.4
0.13333333333333333
0.3333333333333333
0.0
0.0
0.4166666666666667
0.42857142857142855
0.375
0.2
0.2222222222222222
0.5
0.18518518518518517
0.0625
0.1875
0.0
0.0
0.55
0.8
0.2
0.30434782608695654
0.23529411764705882
0.21212121212121213
0.5
1.0
0.29411764705882354
1.0
0.2727272727272727
0.125
0.38461538461538464
0.1111111111111111
0.18181818181818182
0.18518518518518517
0.2727272727272727
0.53125
0.2
0.0
0.0
0.2903225806451613
0.48148148148148145
0.5555555555555556
0.35
0.2916666666666667
0.5
0.3409090909090909
0.0
0.2692307692307692
0.4444444444444444
0.7692307692307693
0.42857142857142855
0.25
0.25
0.6666666666666666
0.26666666666666666
0.2222222222222222
0.3076923076923077
0.32
0.55
0.45454545454545453
0.21739130434782608
0.25
0.47058823529411764
0.47058823529411764
0.25
0.8
0.625
0.3392857142857143
0.17391304347826086
0.5
0.125
0.38461538461538464
0.16666666666666666
0.24074074074074073
0.2
0.5384615384615384
0.4
0.1111111111111111
0.21739130434782608
0.36363636363636365
0.2857142857142857
0.2765957446808511
0.21052631578947367
0.35714285714285715
0.5
0.3448275862068966
0.18181818181818182
0.18181818181818182
0.2
0.32
0.21428571428571427
0.2727272727272727
0.18181818181818182
0.25
0.18181818181818182
0.5365853658536586
0.3
0.38461538461538464
0.42857142857142855
0.75
0.3
0.1951219512195122
0.3333333333333333
0.21052631578947367
0.45454545454545453
0.5
0.5
0.15
0.1875
0.1875
0.25
0.3333333333333333
0.29411764705882354
0.6
0.5
0.30952380952380953
0.18181818181818182
0.16666666666666666
0.6666666666666666
0.15384615384615385
0.2222222222222222
0.16666666666666666
0.21428571428571427
0.35714285714285715
0.23076923076923078
0.16666666666666666
0.45454545454545453
0.2903225806451613
0.09090909090909091
0.0
0.11764705882352941
0.125
0.2
0.3
0.5555555555555556
0.16666666666666666
0.5333333333333333
0.3333333333333333
0.5
0.125
0.2222222222222222
0.3333333333333333
0.18181818181818182
0.375
0.35
0.34615384615384615
0.09090909090909091
0.17647058823529413
0.26666666666666666
0.3333333333333333
0.2222222222222222
0.29411764705882354
0.34210526315789475
0.4
0.3684210526315789
0.4117647058823529
0.05
0.3333333333333333
0.2222222222222222
0.19047619047619047
0.2
0.3055555555555556
0.2
0.35714285714285715
0.15789473684210525
0.6511627906976745
0.5357142857142857
0.75
0.375
0.5
0.2
0.5454545454545454
0.5454545454545454
0.5
NaN
0.0
0.42857142857142855
0.0
0.25
0.625
0.2727272727272727
0.2222222222222222
0.23076923076923078
0.27586206896551724
0.375
0.2127659574468085
0.23076923076923078
0.45454545454545453
0.45454545454545453
0.47058823529411764
0.2
0.5
0.375
0.5
0.5
0.5
0.09836065573770492
0.3076923076923077
0.5
0.16666666666666666
0.15789473684210525
0.17857142857142858
0.10526315789473684
0.17647058823529413
0.13333333333333333
0.17857142857142858
0.3333333333333333
0.3333333333333333
0.23529411764705882
0.16666666666666666
0.16666666666666666
0.32142857142857145
0.125
0.15789473684210525
0.3333333333333333
0.2857142857142857
0.23529411764705882
0.3448275862068966
0.125
0.2608695652173913
0.25
0.27586206896551724
0.1
0.4
0.26666666666666666
0.3
0.46153846153846156
0.3333333333333333
0.25
0.18518518518518517
0.5625
0.5
0.3076923076923077
0.2727272727272727
0.3
0.36363636363636365
0.48936170212765956
0.2
0.5
0.2857142857142857
0.4117647058823529
0.0
0.2857142857142857
0.058823529411764705
0.0
0.058823529411764705
0.42105263157894735
0.3
0.2
0.2
0.3333333333333333
0.2
0.23255813953488372
0.10256410256410256
0.058823529411764705
0.25
0.5882352941176471
0.45
0.46153846153846156
0.0
0.25
0.4666666666666667
0.5
0.35294117647058826
0.5
0.38461538461538464
0.1
0.3333333333333333
0.5
0.125
0.1
0.4230769230769231
0.20833333333333334
0.2222222222222222
0.25
0.3888888888888889
0.6122448979591837
0.13333333333333333
0.16666666666666666
0.0
0.36363636363636365
0.1
0.2857142857142857
0.1111111111111111
0.43478260869565216
0.4
0.05263157894736842
0.3333333333333333
0.5454545454545454
0.13333333333333333
0.4444444444444444
0.4
0.35714285714285715
0.39285714285714285
0.23529411764705882
0.3333333333333333
0.25
0.30434782608695654
0.2857142857142857
0.3333333333333333
0.1875
0.14285714285714285
0.38461538461538464
0.39215686274509803
0.2962962962962963
0.45454545454545453
0.18181818181818182
0.38461538461538464
0.3253968253968254
0.375
1.0
0.3684210526315789
0.16666666666666666
0.23529411764705882
0.16129032258064516
0.16666666666666666
0.0625
0.20588235294117646
0.058823529411764705
0.14814814814814814
0.35714285714285715
0.5
0.35714285714285715
0.35714285714285715
0.36
0.38461538461538464
0.4
0.375
0.0
0.2
0.2777777777777778
0.07407407407407407
0.1875
0.13333333333333333
0.5
0.5
0.23529411764705882
0.2
0.21052631578947367
0.16666666666666666
0.1
0.5
0.25
0.2631578947368421
0.14285714285714285
0.34146341463414637
0.0
0.0
0.30434782608695654
0.5714285714285714
0.2727272727272727
0.5714285714285714
0.13333333333333333
0.08695652173913043
0.2222222222222222
0.4
0.20833333333333334
0.2727272727272727
0.375
0.2
0.3333333333333333
0.46153846153846156
0.7142857142857143
0.25
0.05
0.16666666666666666
0.203125
0.25
1.0
0.25
0.3181818181818182
0.14285714285714285
0.1111111111111111
0.0
0.3404255319148936
0.23809523809523808
0.2222222222222222
0.1
0.8
0.8
0.4594594594594595
0.18
0.13513513513513514
0.19047619047619047
0.3157894736842105
0.23076923076923078
0.3194444444444444
0.25
0.20833333333333334
0.2222222222222222
0.23529411764705882
0.45454545454545453
0.4166666666666667
0.4166666666666667
0.24324324324324326
0.11764705882352941
0.13043478260869565
0.09090909090909091
0.14705882352941177
0.18
0.36666666666666664
0.36585365853658536
0.14285714285714285
0.35714285714285715
0.23255813953488372
0.4666666666666667
0.125
0.23076923076923078
0.3469387755102041
0.3125
0.16666666666666666
0.07142857142857142
0.23076923076923078
0.4166666666666667
0.3
0.0
0.2777777777777778
0.2631578947368421
0.43478260869565216
0.10526315789473684
0.8333333333333334
0.6666666666666666
0.5263157894736842
0.4375
0.75
0.12903225806451613
0.4339622641509434
0.15384615384615385
0.16037735849056603
0.2727272727272727
0.17391304347826086
0.16666666666666666
0.0625
0.25925925925925924
0.075
0.19117647058823528
0.17647058823529413
0.4444444444444444
0.2727272727272727
0.2857142857142857
0.4
0.0
0.14285714285714285
0.36363636363636365
0.4444444444444444
0.0
0.6
0.5625
0.5555555555555556
0.3
0.0
0.18518518518518517
0.18518518518518517
0.19047619047619047
0.26666666666666666
0.14814814814814814
0.6666666666666666
0.6
0.18
0.09523809523809523
0.2608695652173913
0.2
0.16666666666666666
0.0
0.42424242424242425
0.0
0.5217391304347826
0.25
0.375
0.26666666666666666
0.41379310344827586
0.4
0.36
0.25
0.21428571428571427
0.21052631578947367
0.19047619047619047
0.13636363636363635
0.18518518518518517
0.17857142857142858
0.4166666666666667
0.2692307692307692
0.23076923076923078
0.35714285714285715
0.17647058823529413
0.0625
0.7142857142857143
0.0625
0.25
0.3684210526315789
0.42857142857142855
0.25
0.25
0.19230769230769232
0.2857142857142857
0.04
0.3829787234042553
0.30952380952380953
0.0
0.0
0.45
0.0
0.0
0.08333333333333333
0.05263157894736842
1.0
1.0
0.18181818181818182
0.16666666666666666
0.375
0.25
0.2727272727272727
0.0
0.42857142857142855
0.42857142857142855
0.5789473684210527
0.5769230769230769
0.6666666666666666
0.0
0.45454545454545453
0.2
0.21212121212121213
0.16666666666666666
0.4444444444444444
0.2
0.2857142857142857
0.4375
0.2608695652173913
0.25
0.4090909090909091
0.16279069767441862
0.0
0.4166666666666667
0.5833333333333334
0.3125
0.3333333333333333
0.3076923076923077
0.6
0.2631578947368421
0.17647058823529413
0.3076923076923077
0.25
0.3333333333333333
0.42857142857142855
0.38461538461538464
0.45
0.3
0.10526315789473684
0.375
0.3
0.36363636363636365
0.2727272727272727
0.5
0.2222222222222222
0.21176470588235294
0.13333333333333333
0.09090909090909091
0.1875
0.3333333333333333
0.3157894736842105
0.42857142857142855
0.5384615384615384
0.3026315789473684
0.2
0.2
0.08333333333333333
0.5
0.3333333333333333
0.47058823529411764
0.35
0.3
0.5833333333333334
0.6363636363636364
0.2916666666666667
0.4444444444444444
0.32727272727272727
0.4
0.4444444444444444
0.15384615384615385
0.058823529411764705
0.07894736842105263
0.29411764705882354
0.36363636363636365
0.4642857142857143
0.09375
0.08695652173913043
0.125
0.5333333333333333
0.4
0.15384615384615385
0.5238095238095238
0.375
0.3333333333333333
0.24528301886792453
0.24489795918367346
0.2222222222222222
0.25
0.47058823529411764
0.5
0.2
0.5
0.36363636363636365
0.36666666666666664
0.125
0.20689655172413793
0.2
0.3333333333333333
0.6666666666666666
0.5714285714285714
0.0
0.5714285714285714
0.5714285714285714
0.5714285714285714
0.5714285714285714
0.625
0.2777777777777778
0.22857142857142856
0.2571428571428571
0.25
0.391304347826087
0.20833333333333334
0.6666666666666666
0.1875
0.29545454545454547
0.42857142857142855
0.3333333333333333
0.25
0.4
0.5
0.42857142857142855
0.5
0.0
0.3333333333333333
0.3125
0.3
0.35294117647058826
0.0
0.2962962962962963
0.10256410256410256
0.2857142857142857
0.3333333333333333
0.45454545454545453
0.2857142857142857
0.05
0.45161290322580644
0.2727272727272727
0.1111111111111111
0.15384615384615385
0.3333333333333333
0.23333333333333334
0.25
0.18604651162790697
0.5185185185185185
0.38333333333333336
0.2
0.15384615384615385
0.058823529411764705
0.25
0.375
0.0
0.7777777777777778
0.2631578947368421
0.125
0.1
0.3076923076923077
0.3333333333333333
0.4444444444444444
0.3333333333333333
0.25
0.2
0.375
0.3181818181818182
0.4
0.09090909090909091
0.20454545454545456
0.375
0.25
0.19444444444444445
0.0625
0.3076923076923077
0.05
0.21052631578947367
0.38461538461538464
0.5714285714285714
0.2222222222222222
0.3684210526315789
0.09523809523809523
0.3181818181818182
0.48936170212765956
0.4
0.25
0.3488372093023256
0.4
0.4
0.5882352941176471
0.125
0.14285714285714285
0.0
0.2222222222222222
0.16666666666666666
0.48148148148148145
0.7142857142857143
0.0
0.125
0.34782608695652173
0.1111111111111111
0.13636363636363635
0.3142857142857143
0.16666666666666666
0.5
0.0
0.2916666666666667
0.42857142857142855
0.5384615384615384
0.4444444444444444
0.18181818181818182
0.3333333333333333
0.42857142857142855
0.6666666666666666
0.75
0.13333333333333333
0.36363636363636365
0.4
0.0
0.18181818181818182
0.03125
0.5714285714285714
0.5714285714285714
0.2
0.15151515151515152
0.28125
0.25
0.3
0.05128205128205128
0.07692307692307693
0.3
0.625
0.39473684210526316
0.4
0.47058823529411764
0.12727272727272726
0.0
0.25
0.5833333333333334
0.35714285714285715
0.36363636363636365
0.0
0.0
0.3157894736842105
0.4
0.5
0.42105263157894735
0.18181818181818182
0.0
0.20588235294117646
0.23809523809523808
0.2
0.07142857142857142
0.13043478260869565
0.358974358974359
0.3
0.4411764705882353
0.21052631578947367
0.2903225806451613
0.1935483870967742
0.125
0.14285714285714285
0.07692307692307693
0.25
0.875
0.6
0.625
0.5333333333333333
0.75
1.0
0.5333333333333333
1.0
0.7142857142857143
0.6428571428571429
0.5333333333333333
0.14545454545454545
0.3103448275862069
0.27586206896551724
0.5185185185185185
0.5769230769230769
0.6
0.0
0.6666666666666666
0.16666666666666666
0.0
0.18181818181818182
0.15384615384615385
0.07692307692307693
0.21951219512195122
0.125
0.2
0.2222222222222222
0.07692307692307693
0.0
0.30303030303030304
0.4782608695652174
0.45
0.5384615384615384
0.5
0.25925925925925924
0.7272727272727273
0.4
0.10975609756097561
0.11538461538461539
0.08333333333333333
0.15384615384615385
0.2857142857142857
0.3333333333333333
0.2
0.2631578947368421
0.6666666666666666
0.4666666666666667
0.5454545454545454
0.13333333333333333
0.2
0.08333333333333333
0.037037037037037035
0.0625
0.25
0.5833333333333334
0.2
0.36363636363636365
0.125
0.05263157894736842
0.5294117647058824
0.0
0.27586206896551724
0.0
0.14583333333333334
0.1935483870967742
0.15789473684210525
0.16666666666666666
0.3333333333333333
0.14285714285714285
0.1
0.16
0.2682926829268293
0.25
0.35
0.14285714285714285
0.3333333333333333
0.5
0.15
0.23076923076923078
0.43478260869565216
0.35
0.3157894736842105
0.075
0.3333333333333333
0.3333333333333333
0.3333333333333333
0.5
0.5
0.4166666666666667
0.4444444444444444
0.2549019607843137
0.10526315789473684
0.46808510638297873
0.5
0.23529411764705882
0.5714285714285714
0.5333333333333333
0.23529411764705882
0.07692307692307693
0.2777777777777778
0.08256880733944955
0.10843373493975904
0.16666666666666666
0.2777777777777778
0.3888888888888889
0.06451612903225806
0.21428571428571427
0.27586206896551724
0.14285714285714285
0.3888888888888889
0.0
0.14285714285714285
0.75
0.6666666666666666
0.5161290322580645
0.1891891891891892
0.6666666666666666
0.6
0.4
0.25
0.3
0.17857142857142858
0.0
0.5555555555555556
0.3333333333333333
0.14285714285714285
0.16216216216216217
0.2
0.15
0.0
0.0
0.12727272727272726
1.0
0.4444444444444444
0.5
0.18181818181818182
0.14285714285714285
0.4444444444444444
0.2037037037037037
0.21052631578947367
0.44
0.35714285714285715
0.34615384615384615
0.391304347826087
0.2857142857142857
0.6666666666666666
0.5833333333333334
0.23809523809523808
0.23333333333333334
0.4090909090909091
0.0
0.15789473684210525
0.07692307692307693
0.2
0.16666666666666666
0.2222222222222222
0.2222222222222222
0.13333333333333333
0.1
0.1
0.0
0.35
0.125
0.35714285714285715
0.35714285714285715
0.4
0.4
0.0
0.0
0.14705882352941177
0.35
0.6451612903225806
0.15384615384615385
0.64
0.6470588235294118
0.5
0.13636363636363635
0.8571428571428571
0.6666666666666666
0.0
0.3181818181818182
0.3333333333333333
0.14285714285714285
0.42857142857142855
0.09090909090909091
0.0
0.07692307692307693
0.21052631578947367
0.05063291139240506
0.15920398009950248
0.09183673469387756
0.5238095238095238
0.0
0.3888888888888889
0.30434782608695654
0.23076923076923078
0.75
0.75
0.4
0.4
0.45454545454545453
0.0
0.25
0.25
0.42857142857142855
0.16666666666666666
0.5384615384615384
0.4838709677419355
0.5172413793103449
0.5789473684210527
0.3333333333333333
0.5
0.25
0.09090909090909091
0.4594594594594595
0.15384615384615385
0.42857142857142855
0.47058823529411764
0.6
0.7222222222222222
0.2727272727272727
0.19047619047619047
0.4444444444444444
0.25
0.21052631578947367
0.23076923076923078
0.5
0.3
0.4375
0.4444444444444444
0.45454545454545453
0.125
0.3333333333333333
0.3333333333333333
0.3333333333333333
0.3333333333333333
0.23076923076923078
0.3076923076923077
0.8
0.0
0.23529411764705882
0.2222222222222222
0.42424242424242425
0.0
0.25
0.2777777777777778
0.30434782608695654
0.28888888888888886
0.34782608695652173
0.16666666666666666
0.3888888888888889
0.25
0.35714285714285715
0.37254901960784315
0.3076923076923077
0.3611111111111111
0.4
0.23076923076923078
0.0
0.4
0.3125
0.0
0.25
0.08620689655172414
0.25
0.0
0.0
0.0
0.35294117647058826
0.625
0.1724137931034483
0.35714285714285715
0.18421052631578946
0.0
0.1388888888888889
0.7272727272727273
0.42857142857142855
0.25
0.25
0.0
0.16666666666666666
0.16666666666666666
0.0
0.3333333333333333
0.26666666666666666
0.39285714285714285
0.25
0.21052631578947367
0.13043478260869565
0.1935483870967742
0.08695652173913043
0.18181818181818182
0.2727272727272727
0.25
0.5
0.21052631578947367
0.4583333333333333
0.6666666666666666
0.16666666666666666
0.2
0.2857142857142857
0.10526315789473684
0.2727272727272727
0.0
0.2
0.07692307692307693
0.3125
0.16666666666666666
0.375
0.3076923076923077
0.1875
0.09523809523809523
0.43333333333333335
0.45454545454545453
0.23529411764705882
0.36363636363636365
0.09090909090909091
0.26666666666666666
0.38461538461538464
0.2692307692307692
0.25
0.15384615384615385
0.4
0.3076923076923077
0.5
0.6071428571428571
0.5294117647058824
0.07692307692307693
0.6666666666666666
0.5333333333333333
0.5384615384615384
0.35714285714285715
0.5
0.15384615384615385
0.4444444444444444
0.4375
0.21621621621621623
0.22580645161290322
0.2608695652173913
0.3684210526315789
0.4
0.5454545454545454
0.4666666666666667
0.47368421052631576
0.391304347826087
0.058823529411764705
0.17647058823529413
0.16666666666666666
0.06060606060606061
0.28
0.17647058823529413
0.1875
0.2857142857142857
0.23809523809523808
0.26666666666666666
0.5555555555555556
0.45
0.6666666666666666
0.5384615384615384
0.5
0.1
0.5714285714285714
0.7272727272727273
0.6
0.5
0.3076923076923077
0.4666666666666667
0.46153846153846156
0.375
0.4117647058823529
0.3333333333333333
0.16666666666666666
0.3333333333333333
0.375
0.39473684210526316
0.32142857142857145
0.46153846153846156
0.38461538461538464
0.4166666666666667
0.41935483870967744
0.5
0.42857142857142855
0.12
0.15
0.045454545454545456
0.20689655172413793
0.15384615384615385
0.3333333333333333
0.6
0.42857142857142855
0.11538461538461539
0.15
0.25
0.4
0.25
0.5490196078431373
0.6
0.5862068965517241
1.0
0.6923076923076923
0.48484848484848486
0.36666666666666664
0.23076923076923078
0.4
0.45454545454545453
0.2222222222222222
0.18181818181818182
0.6666666666666666
0.5555555555555556
0.5714285714285714
0.32432432432432434
0.1
0.2
0.16666666666666666
0.9090909090909091
0.6
0.13333333333333333
0.6
0.42105263157894735
0.5
0.5
0.6666666666666666
0.2
0.2
0.42424242424242425
0.4444444444444444
0.25
0.15384615384615385
0.4
0.375
0.625
0.25
0.3125
0.6153846153846154
0.38461538461538464
0.2777777777777778
0.16279069767441862
0.6
0.3333333333333333
0.6
0.5833333333333334
0.15789473684210525
0.2
0.05555555555555555
0.05555555555555555
0.35
0.2857142857142857
0.3076923076923077
0.5
0.2
0.5
0.625
0.13636363636363635
0.32
0.045454545454545456
0.1
0.23809523809523808
0.1864406779661017
0.15
0.08854166666666667
0.09090909090909091
0.5
0.2777777777777778
0.14285714285714285
0.3333333333333333
0.13636363636363635
0.3137254901960784
0.1
0.2727272727272727
0.4117647058823529
0.4230769230769231
0.19444444444444445
0.3684210526315789
0.17647058823529413
0.18181818181818182
0.0
0.3333333333333333
0.36363636363636365
0.2631578947368421
0.25
0.375
0.3125
0.2222222222222222
0.39344262295081966
0.15789473684210525
0.2727272727272727
0.4375
0.5
0.5833333333333334
0.46875
0.5384615384615384
0.3333333333333333
0.5
0.11764705882352941
0.3076923076923077
0.1111111111111111
0.3
0.075
0.13636363636363635
0.625
0.07142857142857142
0.0
0.4074074074074074
0.0
0.13793103448275862
0.34782608695652173
0.13793103448275862
0.37777777777777777
0.34615384615384615
0.15789473684210525
0.14705882352941177
0.2972972972972973
0.35714285714285715
0.07142857142857142
0.625
0.4
0.0
0.18181818181818182
0.03333333333333333
0.12121212121212122
0.4
0.2564102564102564
0.23529411764705882
0.2857142857142857
0.2222222222222222
0.16
0.08333333333333333
0.06666666666666667
0.15151515151515152
0.1875
0.2916666666666667
0.45454545454545453
0.47368421052631576
0.36363636363636365
0.5454545454545454
0.24444444444444444
0.35
0.3333333333333333
0.07142857142857142
0.0
0.2222222222222222
0.47368421052631576
0.4117647058823529
0.14285714285714285
0.09090909090909091
0.425
0.7142857142857143
0.7142857142857143
0.1391304347826087
0.10909090909090909
0.7272727272727273
0.5714285714285714
0.42857142857142855
0.2857142857142857
0.6666666666666666
0.5833333333333334
0.875
0.5263157894736842
0.3508771929824561
0.125
0.14634146341463414
0.17647058823529413
0.4
0.1566265060240964
0.75
0.16666666666666666
0.3333333333333333
0.3870967741935484
0.35135135135135137
0.2727272727272727
0.22580645161290322
0.15
0.42857142857142855
0.25
0.2631578947368421
0.2894736842105263
0.3076923076923077
0.40625
0.16153846153846155
0.12903225806451613
0.358974358974359
0.6538461538461539
0.1
0.6
0.0
0.3333333333333333
1.0
0.3684210526315789
0.2962962962962963
0.2631578947368421
0.15789473684210525
0.2962962962962963
0.28
0.25
0.19047619047619047
0.23529411764705882
0.17857142857142858
0.6
0.5454545454545454
0.16666666666666666
0.14285714285714285
0.125
0.8947368421052632
0.0
0.4375
0.2
0.7142857142857143
0.16666666666666666
0.46153846153846156
0.3
0.1
0.5294117647058824
0.21428571428571427
0.1111111111111111
0.5333333333333333
0.25
0.3090909090909091
1.0
0.25
0.21428571428571427
0.20689655172413793
0.5625
0.2727272727272727
0.42857142857142855
0.4
0.23809523809523808
0.40476190476190477
0.2857142857142857
0.16666666666666666
0.3333333333333333
0.3333333333333333
0.14285714285714285
0.3
0.375
0.3076923076923077
0.0
0.5714285714285714
0.3793103448275862
0.5
0.4
0.29545454545454547
0.19047619047619047
0.24
0.23076923076923078
0.16666666666666666
0.16666666666666666
0.2
0.375
0.40625
0.4772727272727273
0.4
0.2857142857142857
0.2857142857142857
0.47058823529411764
0.0
0.0
0.1875
0.18518518518518517
0.16666666666666666
0.0
0.25
0.0
0.0
0.5
0.22580645161290322
0.25
0.14814814814814814
0.35714285714285715
0.32558139534883723
0.3888888888888889
0.2857142857142857
0.2727272727272727
0.4444444444444444
0.5294117647058824
0.4
0.42857142857142855
0.3333333333333333
0.3055555555555556
0.3548387096774194
0.3
0.36363636363636365
0.3333333333333333
0.25
0.125
0.2222222222222222
0.22727272727272727
0.07142857142857142
0.5
0.18181818181818182
0.3333333333333333
0.30434782608695654
0.42857142857142855
0.43333333333333335
0.06896551724137931
0.125
0.08
0.2857142857142857
0.0
0.0
0.5
0.2857142857142857
0.0625
0.35294117647058826
0.3125
0.3333333333333333
0.18181818181818182
0.17647058823529413
0.23529411764705882
0.37142857142857144
0.2
0.07692307692307693
0.1
0.4782608695652174
0.5333333333333333
0.13333333333333333
0.4444444444444444
0.15789473684210525
0.25
0.41935483870967744
0.375
0.4444444444444444
0.5
0.5
0.29411764705882354
0.0
0.47058823529411764
0.5
0.2727272727272727
0.45454545454545453
0.2222222222222222
0.2857142857142857
0.23529411764705882
0.5454545454545454
0.46153846153846156
0.18604651162790697
0.13333333333333333
0.25
0.4375
0.2808988764044944
0.75
0.5454545454545454
1.0
1.0
1.0
0.25
0.21428571428571427
0.2692307692307692
0.2631578947368421
0.30434782608695654
0.16666666666666666
0.3333333333333333
0.5555555555555556
0.0
0.0
0.3333333333333333
0.6666666666666666
0.375
0.43137254901960786
0.2692307692307692
0.15789473684210525
0.0
0.125
0.2
0.3333333333333333
0.2727272727272727
0.16
0.47058823529411764
0.47619047619047616
0.21739130434782608
0.6071428571428571
0.25
0.2727272727272727
0.29411764705882354
0.8125
0.4166666666666667
0.45454545454545453
0.6
0.5294117647058824
0.16666666666666666
0.16666666666666666
0.2
0.3333333333333333
0.5714285714285714
0.43478260869565216
0.75
1.0
0.7272727272727273
0.8333333333333334
0.2
0.2857142857142857
0.07142857142857142
0.16666666666666666
0.5625
0.4166666666666667
0.23809523809523808
0.35294117647058826
0.3684210526315789
0.5
0.28205128205128205
0.11764705882352941
0.0
0.23529411764705882
0.25
0.6666666666666666
0.16666666666666666
0.125
0.3
0.6153846153846154
0.4375
0.4375
0.14285714285714285
0.5555555555555556
0.5454545454545454
0.1111111111111111
0.1111111111111111
0.1
0.1
0.3333333333333333
0.1
0.4117647058823529
0.38235294117647056
0.3684210526315789
0.3684210526315789
0.3684210526315789
0.4444444444444444
0.23076923076923078
0.3076923076923077
0.0
0.3333333333333333
0.3
0.14285714285714285
0.3333333333333333
0.14285714285714285
0.42857142857142855
0.4117647058823529
0.375
0.25
0.41025641025641024
0.08333333333333333
0.25
0.5862068965517241
0.7142857142857143
0.631578947368421
0.3157894736842105
0.0
0.5
0.5882352941176471
0.7333333333333333
0.631578947368421
0.3333333333333333
0.25
0.6923076923076923
0.5714285714285714
0.42857142857142855
0.16666666666666666
0.35714285714285715
0.5
0.20833333333333334
0.0
0.2631578947368421
0.16666666666666666
0.2
0.2631578947368421
0.16666666666666666
0.25
0.2777777777777778
0.2857142857142857
0.23529411764705882
0.21739130434782608
0.3
0.42857142857142855
0.35714285714285715
0.22727272727272727
0.29411764705882354
0.375
0.3
0.3125
0.5
0.21428571428571427
0.17592592592592593
0.375
0.45454545454545453
0.16666666666666666
0.28125
0.2
0.4
0.42105263157894735
0.2
0.19298245614035087
0.45454545454545453
0.22580645161290322
0.09090909090909091
0.7777777777777778
0.6666666666666666
0.375
0.21428571428571427
0.17647058823529413
0.375
0.25
0.09090909090909091
0.19444444444444445
0.3333333333333333
0.3958333333333333
0.13043478260869565
0.3333333333333333
0.25
0.5555555555555556
0.6666666666666666
0.09090909090909091
0.32
0.30434782608695654
0.19607843137254902
0.5714285714285714
0.23809523809523808
0.3076923076923077
0.0
0.03571428571428571
0.14285714285714285
0.11764705882352941
0.2
0.1
0.3333333333333333
0.375
0.46153846153846156
0.34615384615384615
0.30434782608695654
0.44
0.125
0.1
0.12903225806451613
0.18181818181818182
0.125
0.12307692307692308
0.34615384615384615
0.2857142857142857
0.2222222222222222
0.16666666666666666
0.25
0.2222222222222222
0.41025641025641024
0.3
0.5
0.5
0.2857142857142857
0.2727272727272727
0.3333333333333333
0.13636363636363635
0.5
0.3333333333333333
0.3076923076923077
0.4375
0.4
0.391304347826087
0.25
0.3333333333333333
0.21212121212121213
0.06060606060606061
0.46153846153846156
0.75
0.2
0.23076923076923078
0.23333333333333334
0.28205128205128205
0.6071428571428571
0.25
0.16666666666666666
0.0
0.0
0.25
0.16666666666666666
0.23529411764705882
0.25
0.0
0.32
0.2222222222222222
0.5
0.23076923076923078
0.5
0.26666666666666666
0.26666666666666666
0.5
0.7142857142857143
0.38095238095238093
0.0
0.2222222222222222
0.23529411764705882
0.5142857142857142
0.125
0.45454545454545453
0.45454545454545453
0.4375
0.1111111111111111
0.6
0.5806451612903226
0.09090909090909091
0.625
0.18181818181818182
0.375
0.5714285714285714
0.36363636363636365
0.29411764705882354
0.3333333333333333
0.2727272727272727
0.26666666666666666
0.3333333333333333
0.0
0.4
0.3
0.5454545454545454
0.5454545454545454
0.3225806451612903
0.35294117647058826
0.5185185185185185
0.625
0.3939393939393939
0.0
0.21428571428571427
0.3
0.5
0.2647058823529412
0.2
0.18181818181818182
0.1
0.2777777777777778
0.09090909090909091
0.4
0.3888888888888889
0.3157894736842105
0.07142857142857142
0.3939393939393939
0.3157894736842105
0.35294117647058826
0.4
0.38461538461538464
0.14814814814814814
0.3684210526315789
0.21052631578947367
0.15384615384615385
0.15384615384615385
0.10526315789473684
0.34782608695652173
0.3333333333333333
0.06666666666666667
0.0
0.4
0.391304347826087
0.3333333333333333
0.5294117647058824
0.5
0.2
0.12
0.15789473684210525
0.5714285714285714
0.3888888888888889
0.45
0.16666666666666666
0.875
0.7222222222222222
0.8
0.2
0.3
0.1111111111111111
0.1111111111111111
0.15151515151515152
0.09090909090909091
0.1875
0.4375
0.37254901960784315
0.23076923076923078
0.36363636363636365
0.3888888888888889
0.23076923076923078
0.14285714285714285
0.2647058823529412
0.4
0.2
0.6666666666666666
0.8888888888888888
0.5
0.2727272727272727
0.4
0.375
0.18181818181818182
0.125
0.09090909090909091
0.2
0.18604651162790697
0.3448275862068966
0.25
0.3333333333333333
0.3333333333333333
0.3333333333333333
0.42857142857142855
0.23684210526315788
0.16666666666666666
0.0
0.0
0.21052631578947367
0.3333333333333333
0.3333333333333333
0.4166666666666667
0.36363636363636365
0.5
0.6956521739130435
0.2727272727272727
0.0
0.3333333333333333
0.5
0.15625
0.4
0.06666666666666667
0.08333333333333333
0.391304347826087
0.4444444444444444
0.4
0.2
0.0
0.0
0.4166666666666667
0.2549019607843137
0.3333333333333333
0.21428571428571427
0.45
0.47368421052631576
0.5
0.4444444444444444
0.18181818181818182
0.30303030303030304
0.4
0.07692307692307693
0.42857142857142855
0.42424242424242425
0.39285714285714285
0.25
0.5714285714285714
0.14285714285714285
0.47619047619047616
0.3333333333333333
0.38461538461538464
0.125
0.6
0.0
0.2916666666666667
0.2080536912751678
0.3076923076923077
0.3448275862068966
0.3076923076923077
0.07142857142857142
0.17391304347826086
0.3076923076923077
0.2
0.1111111111111111
0.5333333333333333
0.47058823529411764
0.5
0.1111111111111111
0.6363636363636364
0.43333333333333335
0.3
0.3333333333333333
0.5
0.1
0.3918918918918919
0.14285714285714285
0.3333333333333333
0.45454545454545453
0.45454545454545453
0.75
0.2777777777777778
0.0
0.2857142857142857
0.19047619047619047
0.25
0.45454545454545453
0.1
0.2222222222222222
0.2222222222222222
0.23076923076923078
0.36363636363636365
0.3333333333333333
0.24
0.53125
0.0
0.2
0.25
0.4
0.25
0.2857142857142857
0.5
0.6666666666666666
0.2727272727272727
0.22857142857142856
0.45
0.1875
0.36363636363636365
0.0
0.15789473684210525
0.07692307692307693
0.4090909090909091
0.39285714285714285
0.2777777777777778
0.14285714285714285
0.4444444444444444
0.35135135135135137
0.0
0.1875
0.5
0.3684210526315789
0.5333333333333333
0.38235294117647056
0.5714285714285714
0.39285714285714285
0.5
0.1
0.7142857142857143
0.4
0.5333333333333333
0.16666666666666666
0.2
0.21739130434782608
0.6
0.25
0.25
0.2857142857142857
0.26666666666666666
0.3548387096774194
0.6666666666666666
0.5454545454545454
0.21428571428571427
0.21212121212121213
0.14285714285714285
0.2727272727272727
0.18181818181818182
0.25
0.4166666666666667
0.3333333333333333
0.1111111111111111
0.5454545454545454
0.2857142857142857
1.0
0.5
0.125
0.23076923076923078
0.5294117647058824
0.5
0.7222222222222222
0.2222222222222222
0.25
0.09090909090909091
0.17647058823529413
0.0
0.0
0.2222222222222222
0.375
0.6
0.3157894736842105
0.4
0.0
0.14285714285714285
0.4375
0.09090909090909091
0.25
0.125
0.23076923076923078
0.2222222222222222
0.14285714285714285
0.14285714285714285
0.5
0.5833333333333334
0.5714285714285714
0.42857142857142855
0.23529411764705882
0.5
0.375
0.14285714285714285
0.2222222222222222
0.2857142857142857
0.25
0.2
0.16666666666666666
1.0
1.0
0.1
0.23076923076923078
1.0
0.5
0.45
0.3333333333333333
0.13043478260869565
0.20512820512820512
0.16666666666666666
0.35294117647058826
0.4
0.6
0.25
0.6666666666666666
0.3
0.4423076923076923
0.46153846153846156
0.25
0.3333333333333333
0.19148936170212766
0.3026315789473684
0.3026315789473684
0.14814814814814814
0.2727272727272727
0.5
0.16666666666666666
0.05
0.35294117647058826
0.1111111111111111
0.11764705882352941
0.16666666666666666
0.06451612903225806
0.09090909090909091
0.21052631578947367
0.35714285714285715
0.14583333333333334
0.05172413793103448
0.1111111111111111
0.23076923076923078
0.07692307692307693
0.4
0.13953488372093023
0.46875
0.19047619047619047
0.10784313725490197
0.2
0.2682926829268293
0.2714285714285714
0.5
0.2222222222222222
0.14285714285714285
0.5348837209302325
0.3695652173913043
0.2222222222222222
0.30434782608695654
0.13333333333333333
0.0
0.47619047619047616
0.1
0.24444444444444444
0.5
0.3333333333333333
0.0
0.125
0.4166666666666667
0.2571428571428571
0.3157894736842105
0.11764705882352941
0.6363636363636364
0.2222222222222222
0.375
0.25
0.1875
0.16666666666666666
0.0
0.0
0.0
0.25
0.08333333333333333
0.3333333333333333
0.5384615384615384
0.16666666666666666
0.5
0.16666666666666666
0.15384615384615385
0.16666666666666666
0.2
0.25396825396825395
0.4666666666666667
0.13333333333333333
0.24324324324324326
0.17391304347826086
0.3
0.25
0.3333333333333333
0.25
0.0
0.2857142857142857
0.3157894736842105
0.6
0.1
0.42857142857142855
0.08333333333333333
0.38461538461538464
0.10714285714285714
0.0
0.18181818181818182
0.2
0.3181818181818182
0.5
0.1111111111111111
0.15384615384615385
0.3
0.36363636363636365
0.375
0.5416666666666666
0.46153846153846156
0.3
0.2903225806451613
0.391304347826087
0.2916666666666667
0.4666666666666667
0.4166666666666667
0.1875
0.47619047619047616
0.25
0.2
0.28
0.46153846153846156
0.6666666666666666
0.4444444444444444
0.125
0.14285714285714285
0.08
0.0
0.4782608695652174
0.35
0.3888888888888889
0.5
0.3333333333333333
0.3333333333333333
0.3
0.25
0.22058823529411764
0.15384615384615385
0.5
0.24285714285714285
0.19047619047619047
0.35
0.20689655172413793
0.2
0.2222222222222222
0.1875
0.11764705882352941
0.375
0.18333333333333332
0.45454545454545453
0.0
0.25
0.36
0.16666666666666666
0.375
0.0
0.3333333333333333
0.2857142857142857
0.2222222222222222
0.3333333333333333
0.2857142857142857
0.16666666666666666
0.1111111111111111
0.25
0.5238095238095238
0.16666666666666666
0.12
0.2222222222222222
0.3333333333333333
0.14285714285714285
0.24390243902439024
0.23076923076923078
0.14285714285714285
0.5142857142857142
0.2
0.05555555555555555
0.3125
0.0
0.35714285714285715
0.14285714285714285
0.2
0.2222222222222222
0.11764705882352941
0.42857142857142855
0.25
0.1111111111111111
0.2
0.2727272727272727
0.1388888888888889
0.07692307692307693
0.4444444444444444
1.0
0.3333333333333333
0.4166666666666667
0.16666666666666666
0.3333333333333333
0.0625
0.1
0.3684210526315789
0.2413793103448276
0.13333333333333333
0.15151515151515152
0.13793103448275862
0.2
0.4166666666666667
0.0
0.13043478260869565
0.0
0.5
0.6666666666666666
0.6666666666666666
0.0
0.1935483870967742
0.2876712328767123
0.2
0.2727272727272727
0.5
0.22580645161290322
0.36363636363636365
0.47058823529411764
0.4
0.16666666666666666
0.25
0.14285714285714285
0.3333333333333333
0.2222222222222222
0.5833333333333334
0.0
0.2222222222222222
0.1
0.15217391304347827
0.10526315789473684
0.3684210526315789
0.75
0.3076923076923077
0.6666666666666666
0.058823529411764705
0.047619047619047616
0.3333333333333333
0.0625
0.17647058823529413
0.17647058823529413
0.09090909090909091
0.20833333333333334
0.375
0.06060606060606061
0.34615384615384615
0.0
0.17391304347826086
0.07692307692307693
0.38461538461538464
0.38461538461538464
0.23076923076923078
0.42857142857142855
0.5
0.375
0.16666666666666666
0.6
0.25
0.42857142857142855
0.11764705882352941
0.1111111111111111
0.47619047619047616
0.18181818181818182
0.3333333333333333
0.4
0.36363636363636365
0.5454545454545454
0.4090909090909091
0.5454545454545454
0.4
0.2631578947368421
0.23076923076923078
0.0
0.2857142857142857
0.17647058823529413
0.45454545454545453
0.2857142857142857
0.225
0.13043478260869565
0.1111111111111111
0.4444444444444444
0.38461538461538464
0.3
0.36363636363636365
0.18181818181818182
0.0
0.13636363636363635
0.28
0.2857142857142857
0.3
0.45454545454545453
0.1111111111111111
0.3125
0.17073170731707318
0.14285714285714285
0.375
0.21052631578947367
0.0
0.17647058823529413
0.1875
0.3
0.25
0.35294117647058826
0.1111111111111111
0.18181818181818182
0.0
0.1111111111111111
0.0
0.34782608695652173
0.21428571428571427
0.1
0.06666666666666667
0.48148148148148145
0.37037037037037035
0.0
0.3333333333333333
0.2222222222222222
0.15789473684210525
0.25
0.4
0.03571428571428571
0.25925925925925924
0.43333333333333335
0.13043478260869565
0.35714285714285715
0.3
0.5
0.20833333333333334
0.16129032258064516
0.3
0.2857142857142857
0.7142857142857143
1.0
0.7
0.23636363636363636
0.5
0.043478260869565216
0.0
0.08
0.3181818181818182
0.06666666666666667
0.05555555555555555
0.15185185185185185
0.189873417721519
0.18181818181818182
0.2
0.06060606060606061
0.15
0.75
0.3150684931506849
0.5
0.2222222222222222
0.07692307692307693
0.15384615384615385
0.125
0.14285714285714285
0.06666666666666667
0.07692307692307693
0.16666666666666666
0.0
0.36363636363636365
0.3076923076923077
0.2857142857142857
0.275
0.375
0.0
0.4444444444444444
0.47058823529411764
0.3076923076923077
0.35
0.25
0.75
0.3235294117647059
0.7
0.23809523809523808
0.0
0.16666666666666666
0.35294117647058826
0.3333333333333333
0.4
0.3157894736842105
0.21428571428571427
0.125
0.23809523809523808
0.2608695652173913
0.25
0.23076923076923078
0.4666666666666667
0.375
0.2903225806451613
0.38461538461538464
0.23076923076923078
0.12903225806451613
0.21428571428571427
0.21428571428571427
0.0
0.15384615384615385
0.35294117647058826
0.2857142857142857
0.2916666666666667
0.35714285714285715
0.3333333333333333
0.3333333333333333
0.09090909090909091
0.391304347826087
0.2
0.13043478260869565
0.09090909090909091
0.5
0.5
0.20689655172413793
0.21052631578947367
0.3333333333333333
0.26666666666666666
0.07142857142857142
0.2857142857142857
0.6
0.5714285714285714
0.5
0.16666666666666666
0.07692307692307693
0.3333333333333333
0.3333333333333333
0.6363636363636364
0.4
0.10526315789473684
0.22727272727272727
0.4166666666666667
0.42105263157894735
0.4927536231884058
0.28888888888888886
0.15384615384615385
0.25
0.2
0.375
0.17647058823529413
0.3
0.15384615384615385
0.25
0.21739130434782608
0.26666666666666666
0.07407407407407407
0.35714285714285715
0.35714285714285715
0.23809523809523808
1.0
1.0
0.20512820512820512
0.2222222222222222
0.5
0.48148148148148145
0.2
0.2222222222222222
0.3333333333333333
0.16666666666666666
0.3888888888888889
0.0
0.18181818181818182
0.38095238095238093
0.25
0.14285714285714285
0.4444444444444444
0.08333333333333333
0.0
0.26666666666666666
0.25
0.4931506849315068
0.3
0.2222222222222222
0.13333333333333333
0.42857142857142855
0.21739130434782608
0.2222222222222222
0.2631578947368421
0.13333333333333333
0.2222222222222222
0.12903225806451613
0.6666666666666666
0.6666666666666666
0.18181818181818182
0.25
0.1044776119402985
0.45454545454545453
0.16666666666666666
0.25925925925925924
0.25
0.28125
0.3188405797101449
0.38596491228070173
0.13333333333333333
0.1111111111111111
0.11764705882352941
0.29411764705882354
0.16666666666666666
0.16666666666666666
0.16279069767441862
0.2
0.14285714285714285
0.4722222222222222
0.6666666666666666
0.3695652173913043
0.275
0.20634920634920634
0.5686274509803921
0.65
0.22641509433962265
0.21052631578947367
0.0
0.17647058823529413
0.07142857142857142
0.29411764705882354
0.14084507042253522
0.5333333333333333
0.2857142857142857
0.2
0.5333333333333333
0.09090909090909091
0.0
0.08333333333333333
0.13333333333333333
0.375
0.3
0.125
0.24
0.2222222222222222
0.18421052631578946
0.34210526315789475
0.3181818181818182
0.16666666666666666
0.20833333333333334
0.16666666666666666
0.21428571428571427
0.4666666666666667
0.4117647058823529
0.2222222222222222
0.5
0.15384615384615385
0.3076923076923077
0.5
0.2857142857142857
0.0
0.16666666666666666
0.3076923076923077
0.1
0.0
0.2727272727272727
0.3142857142857143
