3
16
10
5
4
12
88
30
10
12
5
16
13
5
6
23
16
12
11
12
5
21
6
5
9
4
4
16
3
6
5
37
18
3
9
3
5
9
7
5
4
22
15
228
8
11
6
32
12
21
14
16
10
26
8
4
18
11
4
8
18
24
4
4
56
4
19
13
4
5
4
5
23
4
4
17
10
6
38
19
51
11
25
17
3
8
11
26
4
12
14
11
11
15
27
9
16
9
24
10
7
13
20
4
9
8
5
24
6
11
63
8
8
9
6
11
4
7
3
3
11
4
9
4
20
7
4
10
6
20
18
16
21
13
12
39
10
22
5
10
7
3
4
4
9
16
26
17
4
5
202
33
8
4
4
6
18
11
12
11
7
5
26
16
8
17
8
31
8
5
12
9
10
89
3
3
3
5
35
13
8
10
21
7
19
3
7
5
4
22
5
18
38
11
3
14
45
4
8
17
4
19
3
3
5
3
4
10
11
35
3
17
9
14
7
22
7
16
5
8
7
15
23
9
12
11
63
12
4
5
18
13
76
11
13
3
27
9
8
11
23
70
5
3
5
5
10
13
45
3
5
5
5
54
3
3
19
10
15
15
4
9
3
21
5
8
39
12
6
14
11
7
5
4
6
6
40
4
10
5
9
9
11
36
6
32
7
7
7
66
5
3
5
4
5
5
11
5
7
6
9
3
26
18
22
3
6
11
3
6
5
249
6
5
3
3
22
18
10
3
34
5
4
7
4
10
7
3
40
3
12
18
3
9
20
24
10
19
9
28
7
8
12
7
6
15
8
6
13
16
10
66
35
7
5
15
3
5
61
50
9
4
11
5
12
4
12
5
13
5
8
5
3
15
40
10
4
5
10
5
11
5
20
11
7
10
9
5
7
3
7
25
40
6
7
6
7
7
3
12
10
147
8
7
10
3
3
9
7
6
15
4
3
14
5
5
5
4
8
4
3
4
45
15
68
6
5
8
5
3
19
4
27
3
22
4
5
6
17
8
59
12
26
11
13
7
7
5
9
15
4
4
6
6
11
13
126
15
11
7
8
11
12
12
21
21
7
11
6
6
4
17
10
20
8
14
18
12
17
14
10
14
16
19
9
6
12
12
5
12
6
7
8
5
39
5
6
14
18
5
4
8
10
3
9
4
9
41
17
16
15
15
3
33
22
23
24
6
6
3
10
4
13
49
9
3
21
12
3
22
19
14
13
40
3
25
7
3
3
36
32
5
9
16
4
7
19
547
40
5
23
26
3
7
3
16
17
22
21
12
14
11
9
3
10
3
17
9
9
10
9
5
4
8
68
8
5
22
17
12
26
20
28
28
7
3
18
41
7
8
3
3
9
4
10
4
4
15
4
5
9
8
8
6
45
5
13
28
22
4
3
3
5
4
37
7
4
6
6
5
23
8
6
5
32
4
14
3
20
15
3
16
10
9
4
10
3
29
17
10
5
4
15
10
22
11
7
20
4
7
31
5
4
6
19
3
18
3
4
14
3
10
13
3
3
9
15
18
3
39
13
10
14
3
6
3
7
15
10
6
18
5
12
8
3
8
4
23
11
46
3
20
14
3
9
9
6
7
4
8
15
15
5
12
4
7
47
12
11
3
17
27
6
5
8
9
6
3
29
12
3
16
63
4
6
15
10
5
3
3
10
37
3
21
15
26
10
7
3
7
7
4
19
13
23
19
23
14
6
19
4
7
9
10
8
10
54
3
5
10
7
24
13
17
3
4
4
33
4
15
4
7
20
6
21
28
31
4
4
5
6
60
18
15
8
9
5
17
5
16
3
3
3
3
19
10
71
32
34
15
7
8
14
4
7
8
11
4
12
8
3
19
11
14
15
5
15
8
16
18
5
52
4
5
4
8
15
3
5
16
13
5
5
14
25
8
8
7
5
15
12
5
4
43
30
26
4
6
4
3
12
16
4
28
8
4
5
3
14
9
11
18
10
23
3
6
10
4
3
15
16
4
6
7
3
4
3
28
3
16
11
18
62
17
24
3
5
6
7
7
5
22
9
16
6
42
15
3
7
21
25
6
10
23
67
4
18
14
37
3
16
8
9
8
3
6
3
7
10
7
47
16
3
10
14
10
4
20
18
35
19
19
17
15
25
8
13
6
10
3
3
13
10
8
3
7
6
26
5
8
15
14
4
8
3
7
16
8
5
10
36
40
7
4
22
14
44
4
9
4
5
3
10
3
21
16
7
7
22
7
8
8
14
13
3
5
3
9
83
9
6
12
34
18
15
5
4
36
7
19
4
6
4
3
10
26
7
3
5
7
6
9
3
10
5
5
21
66
8
42
16
3
14
5
13
10
14
26
60
4
9
15
188
11
10
3
3
4
4
27
61
68
44
10
7
3
13
8
6
3
5
30
19
32
8
9
46
10
18
3
7
74
4
21
27
11
11
6
8
133
10
5
8
15
3
3
17
10
9
15
13
109
20
3
81
13
40
7
30
11
40
250
10
12
4
11
4
57
9
23
24
28
19
5
5
4
5
9
14
3
29
4
10
93
37
4
25
3
13
27
33
7
7
20
4
64
8
5
5
8
30
31
3
16
6
8
15
3
8
23
7
9
13
36
24
3
9
80
26
7
5
33
32
4
6
11
34
7
7
4
3
17
5
6
8
11
10
12
46
9
5
13
31
5
14
37
8
35
59
3
4
12
3
9
33
3
8
12
5
24
14
16
5
21
22
4
37
6
8
101
51
17
5
3
5
10
32
10
14
13
28
24
32
25
34
8
9
6
11
5
14
21
18
12
6
13
19
5
8
8
3
6
3
28
3
9
95
3
59
3
5
21
5
8
4
48
16
7
21
4
13
7
62
6
28
14
7
12
29
18
20
28
3
7
27
4
4
57
25
202
23
16
40
14
3
11
56
34
18
5
30
4
57
7
11
17
6
153
33
6
8
14
49
3
3
29
22
60
37
4
43
20
6
15
56
10
10
14
4
21
6
6
13
39
3
7
37
24
3
25
10
4
4
9
3
21
24
12
14
16
4
8
3
3
12
9
9
28
53
12
3
14
10
19
15
7
6
54
9
9
8
32
12
88
14
16
5
7
21
34
26
8
7
39
46
11
10
14
8
10
8
7
4
11
23
19
10
12
234
5
10
64
20
113
4
3
3
23
15
19
5
11
5
14
4
4
5
7
29
244
6
7
29
58
32
15
19
23
46
58
18
18
11
13
12
7
12
30
34
3
17
15
36
16
3
5
10
5
3
3
22
31
18
5
12
3
27
3
16
3
11
7
12
45
36
6
8
3
71
10
32
10
21
33
17
5
14
3
55
14
4
15
3
3
31
20
4
63
18
17
10
6
15
53
10
40
4
14
6
31
9
16
28
14
71
4
15
14
79
14
4
22
17
40
17
24
9
3
20
3
17
12
21
6
29
5
7
14
27
3
16
17
4
27
50
40
89
30
32
17
35
10
24
5
20
11
12
6
21
3
28
16
13
10
13
10
17
8
15
6
20
13
6
10
34
15
14
4
11
7
5
15
25
3
5
5
7
27
7
13
29
8
15
3
3
38
12
11
7
3
3
5
10
3
18
19
4
5
5
17
4
21
7
46
7
5
4
15
3
12
7
9
10
7
13
9
4
5
7
18
3
6
3
36
5
10
7
5
3
3
5
4
21
3
4
11
9
16
12
5
13
20
13
4
4
3
4
6
3
5
35
4
10
15
5
20
25
35
5
5
8
8
10
4
6
4
4
13
18
13
12
21
22
7
13
28
4
9
13
14
9
24
6
10
8
7
10
5
21
20
14
5
15
42
3
5
7
11
3
9
95
96
4
24
5
3
6
12
60
10
6
3
11
12
15
12
16
11
7
5
11
7
24
5
5
13
27
3
16
3
3
10
3
6
10
16
27
11
9
5
16
3
19
4
7
8
13
9
8
15
6
5
13
10
4
15
19
12
17
15
3
3
21
14
13
22
3
11
9
7
8
4
3
9
49
121
5
8
18
9
5
7
3
3
8
5
11
7
5
3
4
22
5
3
12
16
5
5
4
8
23
4
4
4
4
5
20
5
21
3
10
4
6
7
5
3
17
19
3
14
8
4
22
8
32
14
4
3
6
8
21
5
7
15
34
11
18
4
5
6
5
5
10
7
100
31
25
5
4
6
6
7
5
7
3
6
7
3
26
4
8
11
3
3
3
17
3
8
8
20
22
31
27
9
5
4
29
5
7
16
14
8
15
17
12
9
7
3
10
6
10
30
4
6
15
10
9
6
21
10
5
6
11
17
12
3
5
7
41
21
11
14
4
10
8
12
3
3
23
3
7
55
9
4
5
7
12
23
23
3
3
11
24
4
11
4
6
9
4
19
5
9
13
135
4
10
5
5
5
7
18
35
6
13
7
6
8
8
3
6
9
18
10
7
16
6
11
13
3
34
6
3
3
11
6
10
3
6
9
4
3
3
15
3
4
5
18
10
11
10
4
23
3
7
22
20
11
5
12
42
6
12
5
45
7
11
10
14
58
10
14
45
69
46
9
12
10
8
15
9
17
9
7
28
8
5
14
32
5
13
14
3
12
14
6
7
4
26
13
7
4
7
7
7
69
6
32
31
4
11
9
5
3
17
3
17
12
7
99
76
3
25
5
23
7
3
7
3
18
18
13
8
36
3
7
5
4
8
19
3
7
8
3
3
7
20
3
121
3
3
4
7
22
68
13
7
12
9
5
11
9
11
3
6
4
5
4
14
29
5
6
3
5
6
24
11
23
10
17
165
8
3
10
7
6
4
54
9
8
13
10
30
5
10
17
12
46
7
6
27
14
13
7
11
7
7
11
19
5
6
11
3
22
3
12
5
4
74
14
8
9
32
3
3
7
12
3
3
13
43
15
14
22
6
20
13
9
16
3
8
23
8
5
6
5
3
3
7
10
3
3
5
5
4
12
12
11
5
45
33
18
5
6
13
23
3
51
7
3
28
4
6
38
6
3
8
36
3
24
4
24
3
3
8
23
5
79
22
11
5
39
12
53
16
66
14
5
6
8
9
6
8
15
6
8
5
5
5
13
4
17
7
10
5
4
4
5
8
4
10
54
31
7
7
6
38
7
7
5
5
3
3
19
3
127
6
7
222
23
5
9
16
10
7
3
18
32
7
8
7
27
5
4
15
9
7
10
19
5
3
19
11
14
11
8
3
15
22
25
22
3
6
14
9
5
8
5
4
3
11
12
11
10
3
9
4
5
11
12
14
5
5
21
5
24
4
4
5
16
12
6
14
58
6
9
14
8
9
11
15
15
7
10
7
3
43
8
8
3
12
18
20
6
6
4
7
6
9
9
5
5
5
8
4
10
3
7
4
5
3
3
11
10
3
7
23
3
20
6
4
3
14
6
136
28
13
16
6
3
17
9
3
3
22
16
6
9
19
22
26
12
3
9
4
15
13
10
12
35
16
50
4
46
26
4
12
8
9
14
17
10
3
3
80
23
13
3
47
11
4
36
61
67
8
8
11
3
15
4
16
3
10
40
3
13
9
115
6
4
5
17
3
9
18
9
4
16
9
3
16
4
16
36
4
28
26
12
6
18
9
10
3
5
3
3
32
21
7
11
12
21
24
18
3
4
5
7
5
6
3
5
6
12
6
6
3
4
5
13
14
19
3
25
13
31
22
5
12
8
8
6
8
5
4
4
8
7
11
18
3
19
14
12
4
4
6
13
6
7
16
3
12
3
11
6
9
10
4
62
6
5
5
13
3
13
12
15
22
28
20
7
9
10
3
5
3
11
5
7
10
3
14
6
9
11
30
5
4
8
18
41
19
10
11
13
21
8
11
13
61
11
6
15
7
16
3
5
12
5
8
4
29
6
6
7
62
6
3
3
4
4
17
4
9
25
3
8
49
51
5
5
16
6
10
7
9
7
18
12
7
12
21
6
7
7
7
4
4
5
8
38
6
5
13
15
19
12
32
3
4
4
3
11
10
8
11
3
3
4
12
3
24
23
16
15
5
11
7
15
9
7
3
3
15
6
20
118
8
7
5
8
10
7
8
14
14
3
3
67
12
9
6
6
25
8
5
3
48
35
3
22
5
4
37
31
7
45
3
3
14
5
11
10
16
13
13
4
76
17
5
26
7
6
3
19
31
16
17
30
3
27
27
5
11
11
27
11
3
4
9
7
3
7
225
7
13
10
35
8
5
5
55
18
23
11
8
11
11
11
21
15
20
15
12
30
10
10
19
3
18
4
12
26
32
29
14
19
5
9
29
7
9
35
4
9
5
3
4
10
3
18
14
22
23
3
3
11
3
9
4
3
5
7
3
4
6
8
15
22
25
32
3
4
14
52
11
18
11
8
17
30
5
9
10
25
15
137
25
10
11
3
3
7
8
8
8
3
6
54
3
7
4
23
8
7
7
6
4
4
4
5
17
4
9
6
7
42
35
15
26
55
4
6
3
3
6
12
6
31
6
24
8
17
11
31
13
19
3
4
4
25
13
9
3
3
15
3
10
10
14
12
116
17
7
15
29
14
53
7
5
5
7
14
11
15
8
8
79
6
4
7
5
8
11
3
6
26
21
11
4
3
4
6
72
82
7
26
9
12
3
32
23
5
30
9
15
3
5
3
84
40
4
10
5
21
11
10
9
11
11
11
14
21
36
7
9
25
3
3
31
8
13
3
3
25
16
15
3
65
14
11
32
11
3
5
10
21
3
9
16
14
3
3
10
21
11
10
13
26
11
7
6
4
4
11
34
9
5
8
17
11
4
3
3
3
24
3
34
26
15
13
6
7
9
52
7
22
6
44
51
7
31
19
28
41
7
61
10
5
16
7
5
169
23
8
16
10
13
7
7
7
10
70
51
15
17
5
6
3
23
30
14
57
4
18
6
4
3
7
16
16
20
7
11
3
29
8
3
17
15
4
15
20
29
9
5
94
9
22
72
6
5
11
4
13
3
4
5
9
4
4
21
9
9
11
3
3
37
4
19
6
19
5
3
8
13
21
15
9
13
5
4
18
23
15
23
45
16
4
30
3
3
16
15
28
7
7
6
29
29
4
21
16
4
25
26
8
11
52
6
9
36
12
11
18
5
23
37
4
3
5
8
21
10
3
4
35
11
50
12
7
7
4
18
27
8
16
8
10
31
19
3
16
11
7
26
3
7
6
9
10
15
8
10
4
4
10
7
12
4
20
5
7
49
37
5
15
3
3
7
13
6
8
20
11
11
5
37
13
10
8
11
13
22
3
25
6
39
10
11
7
7
38
9
12
18
7
17
15
10
6
8
6
3
30
12
7
3
13
7
17
26
22
25
6
11
21
23
3
4
24
3
20
5
4
126
32
9
13
4
14
3
9
3
42
4
6
3
5
9
5
10
11
3
6
4
13
7
8
11
5
8
12
6
4
4
5
18
12
15
31
5
5
6
13
8
18
8
23
4
5
13
6
6
5
31
13
73
14
9
3
10
11
15
4
7
14
3
9
9
14
12
12
13
10
3
100
10
31
16
3
18
7
24
30
31
10
22
8
9
10
8
6
28
8
19
7
15
19
8
37
6
5
3
7
3
24
4
4
85
21
18
18
18
14
6
17
57
42
10
4
9
11
10
10
8
7
12
14
9
130
3
15
16
7
19
10
28
21
105
13
29
5
20
18
16
46
6
16
10
50
20
12
10
8
25
12
155
3
7
15
13
4
3
4
5
9
21
3
11
37
49
23
14
5
13
3
8
19
88
53
25
5
17
37
44
14
27
3
4
17
3
4
5
8
82
5
63
7
7
5
21
22
19
24
7
5
14
10
8
20
11
15
28
5
10
39
5
32
24
5
3
12
5
8
3
10
18
3
22
22
5
8
24
10
3
21
9
14
57
5
6
3
16
11
4
4
5
11
186
18
20
7
50
4
25
35
28
7
4
5
4
27
8
10
9
4
26
17
11
10
23
93
13
18
4
24
19
10
8
60
35
5
10
9
8
7
7
9
72
3
6
33
13
8
12
5
9
4
4
4
24
5
31
7
20
23
8
14
12
7
3
4
7
19
11
6
6
6
41
12
3
12
6
8
9
16
10
34
38
4
69
7
11
5
5
8
3
3
3
3
8
32
5
6
14
11
6
5
5
3
8
10
15
9
10
39
11
15
4
16
8
23
3
3
4
11
45
35
56
19
3
17
63
8
3
13
13
3
5
35
9
6
11
31
52
7
32
11
4
3
8
4
38
22
4
8
30
13
6
4
5
16
33
3
19
18
27
13
16
29
5
5
15
57
34
20
7
12
15
14
3
3
6
4
20
3
5
17
22
8
10
3
32
11
4
3
4
5
11
10
14
20
14
4
3
5
12
65
8
6
16
5
53
13
3
29
13
7
4
6
8
11
3
9
10
20
14
6
25
10
17
10
3
9
19
15
3
14
5
35
7
5
10
4
38
55
23
23
5
4
8
133
4
12
19
25
8
889
5
13
11
7
5
72
5
5
6
150
53
9
7
425
6
24
17
5
13
44
4
98
8
14
145
15
13
4
9
4
13
7
17
11
16
32
16
24
29
40
17
8
42
5
38
3
3
7
15
49
5
21
30
6
18
24
21
15
25
211
9
6
13
10
4
7
8
12
34
6
21
34
18
46
3
10
6
19
11
8
94
8
3
3
9
11
5
90
4
3
13
7
17
12
7
8
12
37
12
5
12
35
18
27
40
21
19
21
12
39
21
11
5
3
3
7
9
38
5
4
13
5
12
8
9
4
7
15
4
6
19
4
15
5
9
9
143
16
21
3
6
5
8
20
4
4
8
8
9
3
3
8
7
3
4
28
29
35
27
6
26
23
6
17
3
79
92
6
6
8
4
18
8
17
21
5
10
4
17
20
5
6
11
4
24
8
12
5
11
34
43
13
11
3
9
3
3
6
30
3
28
6
7
3
6
3
5
6
3
3
4
11
4
5
63
52
15
18
8
4
5
4
11
19
5
5
4
7
8
6
34
28
5
5
7
20
5
6
25
10
3
5
6
6
12
8
5
4
18
5
6
3
5
5
10
6
19
9
8
6
16
8
8
3
18
7
7
7
10
13
14
25
4
5
9
5
13
11
4
3
24
7
4
7
7
3
11
9
10
63
17
3
7
13
14
7
9
34
9
8
9
14
14
8
38
5
5
9
31
26
18
18
15
4
17
5
3
10
7
11
8
4
6
3
4
16
15
10
13
4
15
6
68
7
5
3
45
4
11
20
10
10
9
8
15
4
5
6
17
29
23
5
4
8
20
21
8
14
17
18
3
4
8
3
6
5
7
11
11
7
5
3
16
8
32
3
5
3
31
12
3
13
5
18
7
9
5
3
27
8
7
6
12
17
5
5
8
20
32
3
42
25
8
3
4
18
7
3
4
12
9
18
14
3
11
24
71
14
8
8
9
3
7
4
18
12
17
3
4
7
38
171
3
9
8
9
3
6
12
11
25
17
3
6
7
3
9
27
8
7
3
11
4
9
5
6
7
10
42
8
10
4
10
7
8
17
7
29
18
28
13
5
4
9
14
16
3
6
3
10
4
16
22
13
9
3
3
16
5
7
29
3
3
8
4
6
33
5
9
14
3
46
10
6
11
15
10
6
11
7
3
4
4
14
4
4
8
5
4
4
4
30
8
3
42
5
9
15
4
15
13
4
12
3
3
7
24
4
21
5
3
3
20
3
21
5
