1.5
0.0
0.45454545454545453
1.3333333333333333
0.0
0.0
0.06741573033707865
3.161290322580645
3.272727272727273
4.384615384615385
1.0
0.29411764705882354
0.2857142857142857
1.0
0.8571428571428571
0.9166666666666666
0.058823529411764705
1.4615384615384615
0.8333333333333334
0.15384615384615385
0.16666666666666666
0.45454545454545453
0.7142857142857143
1.8333333333333333
1.7
1.2
0.4
0.5882352941176471
0.25
0.5714285714285714
1.0
0.02631578947368421
0.0
0.75
1.9
0.0
0.0
0.6
2.125
0.8333333333333334
1.0
0.34782608695652173
0.125
0.10043668122270742
1.8888888888888888
0.16666666666666666
2.142857142857143
0.030303030303030304
0.7692307692307693
0.3181818181818182
0.4
0.23529411764705882
0.18181818181818182
0.9259259259259259
0.0
3.4
0.0
0.08333333333333333
0.4
0.2222222222222222
0.42105263157894735
0.04
0.2
0.2
1.0175438596491229
0.8
0.4
0.07142857142857142
1.4
0.5
1.8
0.0
0.5833333333333334
0.0
0.8
0.6111111111111112
0.09090909090909091
0.0
0.48717948717948717
0.25
0.1346153846153846
0.8333333333333334
0.0
0.05555555555555555
1.25
3.6666666666666665
0.08333333333333333
0.25925925925925924
0.4
0.23076923076923078
0.13333333333333333
0.3333333333333333
0.3333333333333333
0.25
0.42857142857142855
0.5
0.35294117647058826
1.0
0.16
0.09090909090909091
1.0
0.21428571428571427
0.38095238095238093
0.2
1.9
1.0
1.1666666666666667
0.08
2.5714285714285716
0.4166666666666667
0.015625
0.1111111111111111
0.4444444444444444
1.1
0.5714285714285714
0.3333333333333333
4.6
0.875
1.5
3.0
0.16666666666666666
2.0
1.0
2.6
2.142857142857143
0.5
0.0
2.4545454545454546
0.0
0.09523809523809523
0.10526315789473684
0.5882352941176471
0.09090909090909091
0.5714285714285714
0.0
0.0
0.36363636363636365
0.43478260869565216
0.16666666666666666
0.36363636363636365
2.375
0.0
0.0
3.8
0.2
0.29411764705882354
2.814814814814815
0.5
1.0
2.0
0.49261083743842365
0.8235294117647058
0.3333333333333333
2.8
2.8
2.142857142857143
0.42105263157894735
0.16666666666666666
0.3076923076923077
0.8333333333333334
0.875
1.3333333333333333
0.8148148148148148
1.5294117647058822
1.3333333333333333
0.05555555555555555
0.5555555555555556
0.46875
0.2222222222222222
0.5
2.4615384615384617
1.6
0.09090909090909091
0.08888888888888889
1.5
0.25
1.25
2.0
0.3055555555555556
0.07142857142857142
0.3333333333333333
1.0
0.6818181818181818
0.25
0.6
2.5
0.625
0.16666666666666666
1.0
0.13043478260869565
0.5
0.0
0.02564102564102564
3.5833333333333335
0.75
2.6
2.1739130434782608
1.8
2.5555555555555554
0.5555555555555556
0.6
0.2
0.25
0.25
2.8333333333333335
0.0
0.2
0.09090909090909091
0.16666666666666666
0.027777777777777776
2.0
0.2222222222222222
0.4
0.3333333333333333
0.875
0.391304347826087
0.0
4.235294117647059
0.0
1.4444444444444444
0.25
0.0
0.3333333333333333
2.5
0.7692307692307693
0.5
0.015625
0.7692307692307693
0.2
3.3333333333333335
0.10526315789473684
0.07142857142857142
0.2987012987012987
0.3333333333333333
0.07142857142857142
2.0
0.07142857142857142
1.9
2.0
0.75
0.20833333333333334
0.676056338028169
1.1666666666666667
0.5
0.3333333333333333
1.5
1.5454545454545454
1.0714285714285714
0.021739130434782608
1.75
0.3333333333333333
3.1666666666666665
2.3333333333333335
0.18181818181818182
0.0
0.0
0.2
0.0
0.6875
0.0
2.6
0.3
0.25
0.13636363636363635
0.8333333333333334
3.888888888888889
1.025
0.3076923076923077
3.857142857142857
0.13333333333333333
0.3333333333333333
1.25
0.8333333333333334
0.8
0.14285714285714285
0.14285714285714285
0.17073170731707318
0.8
1.5454545454545454
0.3333333333333333
1.8
0.4
0.16666666666666666
0.9459459459459459
1.7142857142857142
0.030303030303030304
1.25
0.0
3.25
0.5223880597014925
1.3333333333333333
1.25
0.6666666666666666
0.2
0.3333333333333333
0.0
0.08333333333333333
1.0
3.75
0.42857142857142855
0.3
1.25
1.2222222222222223
0.7894736842105263
0.391304347826087
2.5
0.7142857142857143
3.4166666666666665
0.75
0.42857142857142855
4.0
0.4
1.8571428571428572
1.0
2.0
2.25
0.2608695652173913
0.10526315789473684
0.09090909090909091
0.75
0.2857142857142857
1.1666666666666667
3.2
0.25
2.2
0.09090909090909091
2.625
1.75
0.4146341463414634
0.75
0.07692307692307693
0.15789473684210525
1.25
0.2
0.047619047619047616
0.08
0.18181818181818182
0.05
0.1
0.034482758620689655
3.75
0.0
1.1538461538461537
0.375
0.14285714285714285
0.1875
0.2222222222222222
0.14285714285714285
0.0
0.11764705882352941
0.7272727272727273
0.22388059701492538
0.3333333333333333
3.0
1.1666666666666667
1.0
2.25
0.5
0.11290322580645161
0.0
0.7
0.6
0.75
0.0
0.38461538461538464
0.4
0.15384615384615385
1.5
0.7142857142857143
2.3333333333333335
1.1111111111111112
1.1666666666666667
4.75
0.5
0.0975609756097561
0.6363636363636364
0.0
0.0
0.36363636363636365
1.6666666666666667
0.08333333333333333
1.6666666666666667
0.09523809523809523
0.0
0.125
0.18181818181818182
0.7
2.5
0.125
1.25
2.5
0.8461538461538461
0.7317073170731707
0.7142857142857143
5.0
3.142857142857143
0.625
1.25
0.25
0.8461538461538461
0.9090909090909091
0.2702702702702703
1.2222222222222223
0.0
0.9090909090909091
1.0
3.5
0.1
0.125
1.0
0.6875
0.2
1.25
3.933333333333333
1.0
2.0
2.1666666666666665
1.8
0.1111111111111111
0.2
0.25
1.6
0.10869565217391304
0.0625
0.028985507246376812
1.2857142857142858
3.5
0.3333333333333333
1.0
0.25
0.05
1.2
0.14285714285714285
1.25
0.4782608695652174
1.8
1.5
0.42857142857142855
0.9444444444444444
0.7777777777777778
0.2833333333333333
0.23076923076923078
0.8888888888888888
0.0
0.07142857142857142
0.625
1.5
0.0
0.0
0.0
7.8
7.8
1.1428571428571428
0.0
0.16666666666666666
2.0714285714285716
0.1968503937007874
0.4375
2.75
0.625
0.4444444444444444
0.16666666666666666
0.15384615384615385
0.15384615384615385
1.1363636363636365
0.4090909090909091
0.375
0.6666666666666666
0.14285714285714285
1.5714285714285714
3.4
1.5555555555555556
1.0
0.47619047619047616
1.8888888888888888
0.2
0.15789473684210525
0.3076923076923077
1.5
0.8666666666666667
0.5454545454545454
0.13333333333333333
0.11764705882352941
0.1
0.1
0.14285714285714285
0.07692307692307693
0.15384615384615385
1.5
0.07692307692307693
0.42857142857142855
2.0
0.1111111111111111
0.6666666666666666
0.175
0.16666666666666666
1.5714285714285714
0.7333333333333333
0.15789473684210525
1.8333333333333333
0.4
1.6666666666666667
0.09090909090909091
1.5
5.3
4.0
0.3
0.19047619047619047
0.5
0.35294117647058826
0.4375
1.1875
0.75
0.11764705882352941
0.34782608695652173
0.20833333333333334
0.84
3.142857142857143
2.0
1.25
1.1818181818181819
2.0
0.07142857142857142
0.02
1.7
1.75
1.1363636363636365
0.15384615384615385
0.5
0.08695652173913043
0.1
0.6666666666666666
3.0
1.3170731707317074
0.25
0.23076923076923078
0.125
2.0
2.0
0.02702702702702703
0.030303030303030304
1.1666666666666667
1.0
0.7058823529411765
1.6
0.5
0.15
0.18248175182481752
0.024390243902439025
0.5
0.5416666666666666
0.1111111111111111
2.25
1.75
1.5
0.11764705882352941
0.6666666666666666
0.043478260869565216
0.045454545454545456
0.15384615384615385
0.06666666666666667
0.08333333333333333
0.2
0.75
0.45454545454545453
0.75
0.05555555555555555
0.6
0.6
2.6363636363636362
0.1
0.16666666666666666
1.8
1.1111111111111112
0.07246376811594203
0.3333333333333333
3.5
0.13043478260869565
0.16666666666666666
0.07692307692307693
0.14814814814814814
0.047619047619047616
0.06896551724137931
0.06896551724137931
0.375
1.5
2.8421052631578947
0.47619047619047616
0.375
0.3333333333333333
0.25
2.0
0.3
1.2
0.6363636363636364
2.6
2.4
1.5
1.0
0.16666666666666666
0.4
0.6666666666666666
1.5555555555555556
0.14285714285714285
0.2391304347826087
1.3333333333333333
1.2857142857142858
0.06896551724137931
0.34782608695652173
1.0
0.25
0.5
0.16666666666666666
2.4
0.13157894736842105
3.875
0.6
1.1428571428571428
0.42857142857142855
2.1666666666666665
0.041666666666666664
1.0
0.5714285714285714
0.3333333333333333
0.9393939393939394
8.0
0.4
1.5
1.2857142857142858
0.125
4.5
3.3529411764705883
0.09090909090909091
3.4
0.4
0.2727272727272727
2.5
0.9
0.2222222222222222
2.090909090909091
2.5
2.2
0.8125
1.8181818181818181
0.08695652173913043
2.5
0.125
0.8095238095238095
1.4
0.125
0.03125
0.8333333333333334
4.2
0.5714285714285714
0.45
1.25
0.21052631578947367
0.5
0.4
1.0
0.5
0.45454545454545453
1.4285714285714286
0.25
0.25
0.1
0.0625
0.21052631578947367
0.75
0.025
0.5714285714285714
0.09090909090909091
1.7333333333333334
1.0
0.2857142857142857
0.25
0.625
0.125
1.0
0.2857142857142857
1.9473684210526316
1.8333333333333333
0.15384615384615385
0.5555555555555556
2.0
0.3333333333333333
0.6
0.25
0.25
0.06382978723404255
4.75
0.09523809523809523
1.0
0.5
1.4
1.5
1.8571428571428572
1.875
1.6
0.6666666666666666
3.0
2.3125
0.16666666666666666
0.07692307692307693
0.4
4.125
0.1875
0.07692307692307693
0.16666666666666666
1.25
0.4444444444444444
0.10714285714285714
1.5714285714285714
0.5
0.1111111111111111
0.7
0.14285714285714285
4.25
0.3
0.46153846153846156
1.0
0.23529411764705882
0.125
0.4
3.2857142857142856
0.625
0.36363636363636365
1.1666666666666667
0.75
1.0
0.09090909090909091
0.10526315789473684
1.75
0.09090909090909091
0.4375
1.0740740740740742
0.09090909090909091
0.125
0.25
0.125
0.125
0.2
1.9
2.7142857142857144
0.041666666666666664
0.45
0.041666666666666664
0.13333333333333333
5.857142857142857
1.0
0.2
0.875
0.8
0.09090909090909091
3.5555555555555554
1.6363636363636365
0.2545454545454545
0.5
3.3333333333333335
0.7272727272727273
2.875
0.36
1.0714285714285714
1.3333333333333333
1.75
0.2
0.2
1.0294117647058822
2.4
0.0625
0.6
2.25
0.047619047619047616
2.4285714285714284
0.09090909090909091
0.034482758620689655
0.21875
0.2
0.4
0.6666666666666666
3.0
0.03278688524590164
0.5263157894736842
3.6875
0.1111111111111111
1.8
0.3333333333333333
0.3333333333333333
0.3333333333333333
0.11764705882352941
0.5
3.75
2.0
3.75
2.65
3.8181818181818183
0.08333333333333333
0.09090909090909091
0.02857142857142857
1.0625
0.125
1.3333333333333333
0.13333333333333333
0.4
0.875
0.3333333333333333
0.08333333333333333
1.0
0.8461538461538461
0.3333333333333333
0.25
2.25
5.75
2.6
0.3125
2.5
1.0
0.5555555555555556
0.058823529411764705
0.05263157894736842
2.8333333333333335
0.20754716981132076
5.8
0.5
0.6
1.3333333333333333
1.9375
0.75
4.166666666666667
0.11764705882352941
0.07142857142857142
0.16666666666666666
0.16666666666666666
0.26666666666666666
0.15384615384615385
1.7777777777777777
0.4444444444444444
0.625
0.16666666666666666
0.0625
0.7692307692307693
1.3333333333333333
5.0
0.2727272727272727
0.6451612903225806
1.037037037037037
1.2
2.4285714285714284
0.2
0.5
0.07692307692307693
0.6470588235294118
0.6
0.2413793103448276
4.111111111111111
0.4
0.3333333333333333
1.5
0.06666666666666667
3.2
0.5833333333333334
0.05263157894736842
1.1818181818181819
0.041666666666666664
0.25
0.14285714285714285
0.45454545454545453
0.4
0.25
0.5
0.11764705882352941
1.8
0.42857142857142855
3.0
2.25
1.2
0.75
0.3103448275862069
0.25
0.7058823529411765
0.3333333333333333
2.210526315789474
0.09523809523809523
0.2222222222222222
0.44
4.5
3.6666666666666665
0.14285714285714285
0.125
0.375
0.16666666666666666
0.08695652173913043
2.0
0.058823529411764705
1.0
0.27906976744186046
0.5625
2.5
0.125
0.045454545454545456
0.038461538461538464
0.2857142857142857
0.18181818181818182
0.375
0.029411764705882353
1.2
2.5789473684210527
0.26666666666666666
0.13157894736842105
0.25
2.6470588235294117
2.5555555555555554
0.1
2.5555555555555554
1.25
0.42857142857142855
1.25
0.375
0.2727272727272727
0.875
0.08333333333333333
0.058823529411764705
0.25
1.2727272727272727
4.2
0.09090909090909091
3.6
0.047619047619047616
0.21052631578947367
0.2222222222222222
0.4
0.3
0.3333333333333333
0.375
1.0384615384615385
0.3333333333333333
0.21428571428571427
1.0
3.090909090909091
1.25
2.75
1.3571428571428572
1.6363636363636365
0.1111111111111111
1.25
0.625
2.4285714285714284
0.18518518518518517
0.5
0.2222222222222222
0.125
0.4
1.8
0.3333333333333333
0.25
0.125
0.058823529411764705
0.1111111111111111
0.3333333333333333
0.36363636363636365
0.02702702702702703
2.4390243902439024
1.0
1.4
0.391304347826087
0.3333333333333333
0.022222222222222223
0.2
0.1
0.4
1.0
1.75
0.2727272727272727
0.25
0.13636363636363635
0.058823529411764705
0.375
2.875
0.6521739130434783
2.875
2.4444444444444446
1.0
0.6
0.5714285714285714
1.5
2.6666666666666665
2.25
1.0
0.13095238095238096
0.4
0.14285714285714285
0.07692307692307693
0.2
1.5263157894736843
0.3125
0.8333333333333334
0.4
0.16216216216216217
0.125
0.05
4.0
2.2857142857142856
0.8
0.25
0.2727272727272727
0.3333333333333333
4.25
1.25
4.0
0.125
0.14285714285714285
0.6
3.5
0.8181818181818182
0.16666666666666666
1.8333333333333333
0.045454545454545456
0.3880597014925373
1.0
0.023255813953488372
0.058823529411764705
1.5
1.8666666666666667
0.5
1.2857142857142858
0.09090909090909091
5.2
0.1111111111111111
0.32786885245901637
0.4
0.3
1.9375
0.4126984126984127
2.4166666666666665
0.9090909090909091
0.5
0.5
0.4
0.6
0.17857142857142858
0.08064516129032258
0.2898550724637681
0.2222222222222222
0.45454545454545453
0.375
0.75
0.35714285714285715
0.4444444444444444
2.0
0.25
1.0
0.12903225806451613
0.65
0.7575757575757576
1.0
2.2
0.3617021276595745
0.6363636363636364
0.05263157894736842
0.25
0.25
0.08
1.0
0.045454545454545456
0.8214285714285714
0.5833333333333334
0.6666666666666666
1.2857142857142858
1.6666666666666667
0.03731343283582089
0.45454545454545453
1.3333333333333333
0.6666666666666666
1.125
0.25
0.5
0.3888888888888889
0.18181818181818182
0.1
0.3125
0.6428571428571429
0.1
0.38095238095238093
5.5
1.2195121951219512
2.5714285714285716
0.5121951219512195
1.0
0.6129032258064516
0.08333333333333333
0.0975609756097561
0.0199203187250996
0.09090909090909091
0.23076923076923078
4.4
0.08333333333333333
4.4
0.27586206896551724
0.3
0.08333333333333333
0.04
0.6896551724137931
0.75
10.5
3.3333333333333335
1.2
2.8333333333333335
0.2
0.8
0.5
0.5333333333333333
0.2
2.727272727272727
0.02127659574468085
0.47368421052631576
2.0
0.3076923076923077
4.0
2.2142857142857144
0.8214285714285714
0.8529411764705882
0.5
0.625
1.2857142857142858
1.2
0.07692307692307693
0.1111111111111111
1.1666666666666667
0.3333333333333333
2.6666666666666665
0.0967741935483871
0.125
1.75
0.6470588235294118
3.142857142857143
0.6666666666666666
1.5625
2.0
2.0
0.5833333333333334
3.5
0.1
0.7142857142857143
0.02702702702702703
0.08
0.5
1.0
0.012345679012345678
2.4444444444444446
0.5
0.5
0.11764705882352941
0.36363636363636365
0.4
2.5714285714285716
0.08333333333333333
0.3142857142857143
0.25
0.125
2.2
0.75
0.05555555555555555
0.8333333333333334
3.142857142857143
2.888888888888889
0.5833333333333334
0.09090909090909091
0.5384615384615384
0.06382978723404255
0.2
1.6666666666666667
0.07142857142857142
0.625
2.3333333333333335
3.2666666666666666
1.2105263157894737
2.0
0.3611111111111111
0.2
2.25
3.2
1.3846153846153846
2.75
0.8
0.029411764705882353
1.0
3.5555555555555554
0.46153846153846156
3.3333333333333335
0.16
0.13333333333333333
0.11764705882352941
2.5
0.3181818181818182
0.391304347826087
0.4
2.0789473684210527
2.142857142857143
0.4444444444444444
0.29411764705882354
0.28846153846153844
0.05555555555555555
2.0
0.25
3.8333333333333335
0.2727272727272727
0.15151515151515152
0.6363636363636364
0.2
0.2857142857142857
0.034482758620689655
2.68
0.9090909090909091
0.9615384615384616
0.02857142857142857
0.8888888888888888
0.4
0.42857142857142855
0.3333333333333333
1.5
0.06666666666666667
1.9090909090909092
0.05263157894736842
0.07692307692307693
0.5714285714285714
0.07142857142857142
0.05
1.1666666666666667
1.2222222222222223
0.8888888888888888
0.5
0.8571428571428571
1.75
0.20689655172413793
2.0
0.6
0.10416666666666667
4.75
0.16666666666666666
5.5
9.0
1.8181818181818181
0.6666666666666666
0.6666666666666666
2.0
0.08163265306122448
0.4117647058823529
2.375
0.13636363636363635
0.8
0.21428571428571427
1.125
0.1111111111111111
0.2857142857142857
0.13793103448275862
0.8
0.375
0.07692307692307693
0.3
0.5789473684210527
0.14285714285714285
0.034482758620689655
0.5
0.125
0.14285714285714285
1.0
2.2
0.896551724137931
0.11538461538461539
0.024630541871921183
0.2916666666666667
0.17647058823529413
0.024390243902439025
0.13333333333333333
0.5
0.08333333333333333
0.47368421052631576
0.11428571428571428
0.21052631578947367
1.1666666666666667
0.3225806451612903
1.6
0.1206896551724138
1.375
0.25
0.1111111111111111
0.2857142857142857
0.1038961038961039
0.058823529411764705
0.42857142857142855
0.1111111111111111
0.3333333333333333
0.04
0.5
1.5
0.03333333333333333
0.21739130434782608
0.47540983606557374
0.631578947368421
0.4
0.13636363636363635
0.14285714285714285
2.2857142857142856
0.375
0.9122807017543859
1.0
1.1818181818181819
0.26666666666666666
2.6
0.045454545454545456
2.142857142857143
1.7142857142857142
0.07142857142857142
0.05
1.25
2.5
0.02631578947368421
0.6
1.0
0.11538461538461539
0.2727272727272727
0.2
3.0
1.3
0.5
2.3636363636363638
0.08
0.46153846153846156
0.2
0.058823529411764705
1.4
1.7777777777777777
0.75
0.75
0.07692307692307693
0.1
0.9
0.3448275862068966
0.46296296296296297
0.6923076923076923
0.25
1.0666666666666667
0.6363636363636364
0.35
0.375
0.125
0.14285714285714285
0.09090909090909091
0.5
1.3
0.4444444444444444
2.696969696969697
2.230769230769231
0.11235955056179775
0.06666666666666667
0.058823529411764705
2.1666666666666665
0.375
0.09090909090909091
2.3142857142857145
0.2222222222222222
0.3333333333333333
0.5
0.025
0.10638297872340426
3.0
0.09090909090909091
0.13333333333333333
1.4444444444444444
0.09090909090909091
1.3333333333333333
2.875
0.4
0.16666666666666666
1.0416666666666667
0.05
0.09090909090909091
0.23076923076923078
0.029787234042553193
2.8333333333333335
0.5454545454545454
0.046153846153846156
0.19047619047619047
0.45614035087719296
1.0
5.75
5.25
0.125
1.5
0.35
2.8333333333333335
0.25
2.0
0.3333333333333333
0.2
2.2
2.5
0.125
0.5
0.0653061224489796
1.8571428571428572
1.75
1.3333333333333333
0.559322033898305
0.030303030303030304
0.125
0.05
0.5
0.14893617021276595
0.11864406779661017
0.05263157894736842
0.05263157894736842
1.1666666666666667
0.21428571428571427
0.9230769230769231
3.625
0.5384615384615384
0.6774193548387096
0.34285714285714286
1.5
0.3333333333333333
0.125
0.02702702702702703
0.11764705882352941
1.5
0.5
3.3636363636363638
2.5
0.25
0.75
0.17391304347826086
0.15625
0.5789473684210527
0.6666666666666666
0.6153846153846154
4.5
0.2857142857142857
0.25
0.058823529411764705
0.25
0.6666666666666666
0.75
3.6923076923076925
0.10869565217391304
0.2972972972972973
0.5714285714285714
1.6666666666666667
4.0
0.06944444444444445
2.0
0.30303030303030304
1.0
0.22727272727272727
0.20588235294117646
0.05555555555555555
5.333333333333333
1.0
0.5
0.8035714285714286
0.7333333333333333
2.2
2.875
2.75
2.25
0.03125
0.2857142857142857
2.6
0.15625
2.1578947368421053
0.4444444444444444
1.0
12.571428571428571
0.0625
0.07407407407407407
1.6363636363636365
0.07317073170731707
2.6
0.13333333333333333
1.2857142857142858
2.5625
1.2
0.23529411764705882
0.6896551724137931
0.2
0.05555555555555555
1.0
0.0625
6.666666666666667
0.025
0.06666666666666667
3.0
0.043478260869565216
0.2222222222222222
0.04878048780487805
0.7222222222222222
0.04
1.2
3.0
0.5714285714285714
1.25
0.3333333333333333
0.07692307692307693
0.09090909090909091
2.0
0.6
0.5
1.25
1.6
2.0
1.5
0.5882352941176471
0.2222222222222222
1.0
0.03571428571428571
0.29411764705882354
0.4878048780487805
0.06666666666666667
0.16129032258064516
0.09090909090909091
0.3333333333333333
0.05555555555555555
0.45454545454545453
1.6
0.3333333333333333
0.14285714285714285
0.9166666666666666
0.23076923076923078
1.5714285714285714
0.6818181818181818
1.25
0.034482758620689655
0.7647058823529411
1.3571428571428572
0.2727272727272727
0.21428571428571427
2.4545454545454546
2.888888888888889
0.5555555555555556
0.0625
0.14285714285714285
0.23809523809523808
0.5714285714285714
2.2857142857142856
0.2727272727272727
0.6285714285714286
1.125
0.13333333333333333
0.4
0.25
0.125
0.5
0.0625
1.0769230769230769
0.25
0.6666666666666666
0.6666666666666666
0.625
0.6071428571428571
2.375
2.0714285714285716
0.5333333333333333
0.1111111111111111
0.0625
0.25
0.25
0.5128205128205128
0.07692307692307693
8.333333333333334
0.625
0.75
1.5
3.1666666666666665
1.5454545454545454
0.75
0.05263157894736842
1.3
1.2
1.0
0.3333333333333333
0.7222222222222222
0.2
0.045454545454545456
1.125
0.02127659574468085
1.125
2.1666666666666665
1.8
0.0625
1.25
0.23076923076923078
0.5
0.1
2.909090909090909
0.125
0.2857142857142857
0.1
3.0
0.6666666666666666
1.25
0.631578947368421
1.25
2.142857142857143
0.75
0.24324324324324326
1.1666666666666667
0.18181818181818182
2.5
6.0
0.25
0.75
1.0
2.4
0.13636363636363635
2.5
5.4
1.0
3.3
2.176470588235294
1.9230769230769231
5.333333333333333
0.07142857142857142
0.23809523809523808
0.8571428571428571
0.6
0.4
0.5
1.0
0.5714285714285714
1.75
1.0
0.5555555555555556
4.2
0.09090909090909091
1.0
2.3333333333333335
0.3333333333333333
0.15384615384615385
0.4166666666666667
0.6666666666666666
2.8333333333333335
1.1111111111111112
0.4444444444444444
2.1818181818181817
0.2
0.5714285714285714
1.6
0.4
0.07142857142857142
0.05263157894736842
0.42857142857142855
0.38461538461538464
1.2727272727272727
0.043478260869565216
0.125
1.1428571428571428
0.034482758620689655
3.8
1.0
0.21428571428571427
1.1333333333333333
0.3
1.92
1.8571428571428572
2.5454545454545454
1.0
2.125
0.6363636363636364
1.8333333333333333
0.5
3.5238095238095237
0.6
1.5
0.875
0.23255813953488372
1.0
1.0
1.75
0.25
0.5
0.9
0.8958333333333334
0.0
1.2
0.2
3.6666666666666665
0.75
1.1428571428571428
0.46153846153846156
0.09836065573770492
1.6363636363636365
3.0
0.75
0.6666666666666666
0.15384615384615385
0.5
0.07692307692307693
0.058823529411764705
0.6666666666666666
1.25
0.16666666666666666
0.08333333333333333
0.625
0.32
0.5
0.8333333333333334
0.21428571428571427
0.07142857142857142
3.75
0.11764705882352941
0.25
6.25
0.9090909090909091
0.25
0.42857142857142855
2.5454545454545454
0.17647058823529413
0.39285714285714285
0.08333333333333333
0.1
0.5
0.29411764705882354
1.75
1.15
0.2
1.5
1.0
0.07142857142857142
0.2
0.1111111111111111
0.9375
0.14285714285714285
4.5
0.07142857142857142
1.9090909090909092
2.8
0.5625
0.2
0.6923076923076923
0.05555555555555555
0.0625
0.5
2.75
0.22727272727272727
0.13333333333333333
0.7142857142857143
0.17391304347826086
1.5
0.4166666666666667
1.0
0.125
0.1111111111111111
1.4
0.75
0.1
0.08
0.01639344262295082
1.5
1.0
1.736842105263158
0.1
0.8333333333333334
0.125
2.25
1.5
0.4444444444444444
0.5
0.08333333333333333
0.375
0.3333333333333333
0.5
3.0
0.043478260869565216
0.16666666666666666
0.25
0.15384615384615385
0.11764705882352941
1.6666666666666667
0.5
0.8
0.1111111111111111
0.08333333333333333
1.8
0.4
1.2
2.2
0.16666666666666666
0.09523809523809523
2.5
0.3181818181818182
0.5
0.6363636363636364
1.8
0.8571428571428571
0.375
1.3333333333333333
0.75
0.7222222222222222
0.4
0.5
1.2666666666666666
0.3333333333333333
1.2
0.21739130434782608
0.1111111111111111
0.36363636363636365
0.13333333333333333
1.6
1.75
2.2857142857142856
0.5555555555555556
0.4090909090909091
3.1666666666666665
1.125
0.125
0.14285714285714285
0.75
1.5263157894736843
3.8
1.6666666666666667
4.142857142857143
0.8333333333333334
5.833333333333333
0.9090909090909091
1.75
0.8712871287128713
0.21875
0.3076923076923077
0.3333333333333333
4.6
0.42857142857142855
0.42857142857142855
1.5
0.3333333333333333
2.5
0.25
2.142857142857143
0.25
1.0
0.14814814814814814
5.0
2.4444444444444446
0.4166666666666667
2.5
0.75
1.5
0.6666666666666666
1.75
1.1111111111111112
1.2222222222222223
0.47619047619047616
0.2608695652173913
0.9375
1.8928571428571428
0.4
0.6666666666666666
3.6
0.3
2.0
2.125
0.11764705882352941
0.3333333333333333
0.4444444444444444
1.5
1.2222222222222223
0.46153846153846156
0.1
0.125
1.0
1.0
2.5714285714285716
4.545454545454546
0.16129032258064516
0.4
0.14285714285714285
0.0625
2.272727272727273
3.2
1.5714285714285714
0.09090909090909091
0.09090909090909091
1.6666666666666667
2.4285714285714284
0.9166666666666666
0.6111111111111112
0.07692307692307693
0.75
0.16666666666666666
1.875
0.19047619047619047
0.18181818181818182
1.6666666666666667
0.13333333333333333
0.2
1.2727272727272727
2.4444444444444446
0.9230769230769231
1.5
0.25
0.08333333333333333
0.5
0.125
1.7857142857142858
0.1
0.4
2.3333333333333335
0.375
1.3846153846153846
0.20833333333333334
2.7083333333333335
4.0
1.5
0.08333333333333333
0.56
2.4
0.08333333333333333
0.6
5.142857142857143
0.1
1.6
0.05
1.5
3.0
0.5714285714285714
0.29411764705882354
2.2
0.09090909090909091
0.3333333333333333
0.6666666666666666
1.8333333333333333
2.125
0.05263157894736842
0.027777777777777776
0.42857142857142855
0.2857142857142857
1.25
0.14285714285714285
0.1111111111111111
0.8888888888888888
6.5
0.8571428571428571
1.2
0.15789473684210525
0.09090909090909091
0.875
0.11764705882352941
0.14285714285714285
0.08333333333333333
0.35714285714285715
1.25
0.2
0.14285714285714285
0.25
4.25
0.4166666666666667
0.8571428571428571
0.45454545454545453
0.25
0.8571428571428571
0.1
0.4
2.5
0.5
0.1875
1.25
0.2
0.3333333333333333
1.4736842105263157
1.0909090909090908
0.08333333333333333
0.09090909090909091
0.2
0.041666666666666664
0.25
2.5
0.4782608695652174
0.19047619047619047
1.25
1.1666666666666667
0.5384615384615384
0.18604651162790697
0.14285714285714285
0.9230769230769231
1.5
0.021739130434782608
0.125
0.16666666666666666
0.18181818181818182
1.3333333333333333
0.03389830508474576
0.18181818181818182
2.466666666666667
0.5434782608695652
0.15714285714285714
0.23404255319148937
0.1
0.15384615384615385
0.09090909090909091
0.1111111111111111
0.375
0.2
0.7777777777777778
1.5
2.0
0.034482758620689655
0.4444444444444444
0.3333333333333333
0.13333333333333333
0.15151515151515152
2.3333333333333335
0.7142857142857143
2.0
0.5
0.07692307692307693
0.06666666666666667
1.5714285714285714
1.25
1.6
1.4444444444444444
1.6428571428571428
1.25
0.4
0.75
1.375
0.25
1.4285714285714286
0.7142857142857143
0.36363636363636365
0.4375
0.2
0.4166666666666667
1.9
1.1666666666666667
3.0
0.6111111111111112
2.25
0.05555555555555555
0.23076923076923078
2.75
0.16
0.5714285714285714
0.25
0.15384615384615385
0.16666666666666666
0.20833333333333334
0.875
0.25
1.375
1.0
3.5789473684210527
3.9473684210526314
0.9285714285714286
1.3333333333333333
0.1891891891891892
1.5
1.875
0.8333333333333334
0.8
0.6666666666666666
0.15
1.5
0.375
1.2222222222222223
0.25
0.25
1.375
0.047619047619047616
0.5
0.1557377049180328
0.5
6.25
0.8
2.375
0.13043478260869565
1.0724637681159421
0.35714285714285715
0.375
0.6153846153846154
0.8
0.5
0.25
0.3
1.0833333333333333
1.25
0.7142857142857143
2.8
4.833333333333333
3.2
0.13333333333333333
0.13333333333333333
1.3333333333333333
1.2857142857142858
1.5
1.1666666666666667
0.8571428571428571
0.16
0.4166666666666667
0.25
1.9090909090909092
0.5555555555555556
0.21084337349397592
0.6666666666666666
6.75
0.2727272727272727
1.125
1.2857142857142858
3.2
0.7272727272727273
0.1
0.6666666666666666
1.1428571428571428
0.09090909090909091
0.03225806451612903
1.8333333333333333
0.09090909090909091
1.3888888888888888
2.3846153846153846
0.2553191489361702
1.875
1.0
0.4642857142857143
0.06666666666666667
0.9285714285714286
1.25
0.4166666666666667
0.75
0.75
0.6666666666666666
1.6
0.16666666666666666
0.42857142857142855
0.08333333333333333
1.25
0.21739130434782608
0.75
0.07692307692307693
1.3333333333333333
0.4
0.3466666666666667
2.1333333333333333
0.7777777777777778
0.9
0.15151515151515152
0.5
0.5
0.125
0.23076923076923078
1.75
1.75
0.5714285714285714
0.18181818181818182
0.125
0.06666666666666667
0.13043478260869565
0.42857142857142855
0.047619047619047616
0.5714285714285714
1.7
2.176470588235294
0.5
0.1111111111111111
0.5416666666666666
0.3333333333333333
0.3333333333333333
0.42857142857142855
2.5
1.0
0.25
2.75
0.36363636363636365
0.25
0.25
0.5
0.8333333333333334
3.2
0.3076923076923077
1.4615384615384615
0.08333333333333333
6.166666666666667
0.3695652173913043
0.17647058823529413
0.7894736842105263
1.1666666666666667
0.5714285714285714
1.0714285714285714
0.2916666666666667
3.0
0.1346153846153846
0.125
0.5
0.13793103448275862
0.6
3.7142857142857144
0.7692307692307693
1.5714285714285714
3.25
4.555555555555555
0.10810810810810811
0.5
0.56
1.6
0.08
0.25
0.25
0.2222222222222222
0.25
0.5
0.15
0.043478260869565216
0.08333333333333333
1.3333333333333333
0.1
0.6923076923076923
0.3333333333333333
0.11764705882352941
0.029850746268656716
0.26666666666666666
0.16666666666666666
1.2857142857142858
0.8888888888888888
0.1
1.4285714285714286
0.2222222222222222
0.125
0.2857142857142857
0.3333333333333333
0.8333333333333334
0.16666666666666666
0.16666666666666666
0.42857142857142855
0.4
0.05555555555555555
0.125
0.09090909090909091
0.8333333333333334
0.2
1.6
1.1666666666666667
0.3333333333333333
2.2
0.45454545454545453
0.12727272727272726
0.03125
1.125
1.75
1.4285714285714286
0.3076923076923077
1.25
2.0
6.333333333333333
2.5
0.5
1.25
0.05
1.25
0.1953125
1.0
1.0
0.4484304932735426
0.041666666666666664
1.1666666666666667
0.5
0.17647058823529413
0.8181818181818182
0.625
2.0
0.7894736842105263
0.18181818181818182
0.75
1.5555555555555556
1.5
1.2142857142857142
2.0
2.2
0.125
0.7
1.5
0.2727272727272727
0.1
2.1666666666666665
0.25
0.05
0.08333333333333333
0.13333333333333333
0.08333333333333333
1.5555555555555556
0.25
0.375
1.608695652173913
0.07692307692307693
0.9130434782608695
0.75
0.5714285714285714
1.4666666666666666
0.3
0.16666666666666666
0.5555555555555556
0.16666666666666666
2.4
0.5
1.0833333333333333
0.23076923076923078
0.4166666666666667
1.9090909090909092
0.75
0.3
0.4
1.3333333333333333
0.3333333333333333
2.3076923076923075
1.2666666666666666
1.0
0.8333333333333334
0.22727272727272727
5.666666666666667
0.36
1.4
0.4
3.0
0.4117647058823529
0.15384615384615385
1.0
0.3333333333333333
0.1016949152542373
0.5714285714285714
2.5
0.6666666666666666
0.1111111111111111
3.0
1.0
0.5625
0.875
2.375
3.3636363636363638
1.375
0.75
0.5227272727272727
1.3333333333333333
1.0
0.75
0.5384615384615384
0.10526315789473684
2.4761904761904763
0.2857142857142857
1.5714285714285714
2.0
0.125
0.14285714285714285
0.9
2.0
0.6666666666666666
1.8333333333333333
3.0
0.2222222222222222
0.8
0.36363636363636365
0.25
0.5
1.0
0.8333333333333334
2.0
0.25
0.5833333333333334
2.4545454545454546
0.75
2.75
0.4166666666666667
0.25
1.2380952380952381
0.14285714285714285
0.2
0.25
0.06666666666666667
1.5714285714285714
0.014598540145985401
1.6551724137931034
0.35714285714285715
0.058823529411764705
1.0
1.5
1.2777777777777777
0.7
1.75
1.25
0.6521739130434783
4.529411764705882
0.7142857142857143
7.2
0.6
0.30434782608695654
1.1111111111111112
0.6923076923076923
2.5
0.1
1.0
0.75
0.5714285714285714
1.6363636363636365
0.8461538461538461
0.1111111111111111
0.058823529411764705
0.0784313725490196
0.2
0.40425531914893614
0.037037037037037035
0.6
0.5384615384615384
0.4444444444444444
0.4
0.06666666666666667
0.2777777777777778
0.9090909090909091
0.25
0.5
0.6049382716049383
0.041666666666666664
0.07142857142857142
0.25
0.16666666666666666
0.4166666666666667
3.6
0.3783783783783784
0.3387096774193548
0.45588235294117646
0.1111111111111111
1.1111111111111112
1.0833333333333333
0.75
0.0625
0.4
0.11764705882352941
2.5
0.09090909090909091
0.9024390243902439
5.75
0.5
4.6
0.25862068965517243
0.14285714285714285
1.6
2.3333333333333335
0.05555555555555555
2.0
0.1
0.05263157894736842
0.1
1.6
1.0
0.1
1.5
0.9411764705882353
0.8
0.35294117647058826
0.02702702702702703
0.2
0.034482758620689655
0.25925925925925924
0.07692307692307693
0.42857142857142855
0.3157894736842105
0.1
1.0909090909090908
0.75
0.5
1.75
2.75
0.9696969696969697
0.6818181818181818
1.0
0.08333333333333333
0.07692307692307693
0.045454545454545456
0.16
0.10526315789473684
1.5
1.4
0.16666666666666666
0.75
0.16666666666666666
0.14285714285714285
3.5
0.16666666666666666
1.0
0.07692307692307693
2.2857142857142856
0.14285714285714285
1.0
1.6
2.1666666666666665
1.6428571428571428
1.4
0.75
1.5
0.2692307692307692
0.5
0.03125
0.391304347826087
0.16666666666666666
0.23076923076923078
2.2222222222222223
1.0
3.4285714285714284
0.3333333333333333
0.8333333333333334
4.8
0.6
1.3333333333333333
0.125
0.25
0.10526315789473684
3.25
0.15
2.466666666666667
0.23076923076923078
2.4
2.2
2.2857142857142856
0.35714285714285715
0.8571428571428571
2.75
0.11764705882352941
1.75
0.23076923076923078
0.75
0.25
0.5714285714285714
0.4
0.45454545454545453
0.2
0.19047619047619047
3.2857142857142856
0.5
0.5
0.35714285714285715
1.75
0.07142857142857142
0.5384615384615384
0.0625
0.17391304347826086
0.3103448275862069
1.1428571428571428
0.5
0.3
2.0
3.5
0.3333333333333333
3.0
1.5833333333333333
0.16666666666666666
1.75
0.45454545454545453
0.25
0.4
0.7142857142857143
0.1
1.9166666666666667
0.16129032258064516
0.3333333333333333
0.4
2.0
0.05263157894736842
0.047619047619047616
3.1
0.09090909090909091
0.4166666666666667
0.07142857142857142
3.909090909090909
3.0
4.666666666666667
0.2857142857142857
0.016129032258064516
0.8333333333333334
1.0
1.9375
1.625
0.11764705882352941
0.25
0.16666666666666666
0.6153846153846154
3.3333333333333335
3.3333333333333335
1.0
0.1
0.42857142857142855
0.14285714285714285
1.375
0.015873015873015872
1.4285714285714286
2.25
1.0
0.6
2.4
0.16666666666666666
2.6
0.4
0.4230769230769231
1.0
2.2222222222222223
0.36
0.019230769230769232
0.8333333333333334
0.3333333333333333
1.1176470588235294
0.7142857142857143
0.6363636363636364
2.25
0.3
0.375
0.2631578947368421
0.5384615384615384
1.0
0.46153846153846156
0.18181818181818182
1.5714285714285714
0.625
1.25
2.375
1.4
1.2
4.666666666666667
0.1111111111111111
0.10256410256410256
0.14285714285714285
2.0
0.7857142857142857
0.125
0.4
2.076923076923077
0.030303030303030304
1.5
1.6
1.6
0.5
0.25
0.45454545454545453
1.1111111111111112
1.25
0.5
0.25
2.0
0.38461538461538464
0.75
0.04
0.125
0.6470588235294118
0.625
0.5
0.16666666666666666
0.125
0.75
1.0
0.5
6.5
4.25
0.9375
0.14285714285714285
0.047619047619047616
0.20168067226890757
0.5555555555555556
0.125
2.6666666666666665
0.8888888888888888
0.18181818181818182
3.625
0.6666666666666666
1.3333333333333333
0.06666666666666667
3.25
0.25
0.36764705882352944
0.07692307692307693
6.6
1.4285714285714286
1.4285714285714286
0.15384615384615385
3.888888888888889
0.3333333333333333
0.25
0.08163265306122448
0.05555555555555555
1.0
0.17391304347826086
0.5
0.2
0.07894736842105263
0.125
0.625
0.7608695652173914
1.5
0.75
0.06666666666666667
0.3333333333333333
0.08333333333333333
0.09090909090909091
3.4705882352941178
1.8571428571428572
0.21428571428571427
1.0
0.23376623376623376
0.3888888888888889
1.5
0.2222222222222222
0.875
1.0
0.5
0.05
1.34375
0.058823529411764705
0.1111111111111111
0.16129032258064516
2.5
0.07142857142857142
0.35714285714285715
2.3333333333333335
0.08333333333333333
0.25
0.07142857142857142
0.08333333333333333
1.5
0.6
2.8
0.25
0.75
1.25
0.37610619469026546
3.5
2.0
0.09090909090909091
0.08333333333333333
0.2222222222222222
0.16666666666666666
2.3333333333333335
1.7857142857142858
2.3684210526315788
0.041666666666666664
0.3333333333333333
1.3333333333333333
2.8333333333333335
0.08333333333333333
0.16666666666666666
1.2727272727272727
0.0625
0.047619047619047616
0.1875
0.07692307692307693
0.03225806451612903
0.45454545454545453
0.09090909090909091
1.6
0.75
0.7894736842105263
2.0
1.9230769230769231
0.037037037037037035
0.030303030303030304
0.3
0.06666666666666667
0.5
1.1666666666666667
0.7
0.6
1.0
0.3
0.2222222222222222
0.6
0.4
2.0
0.75
2.0
0.2727272727272727
0.25
0.10526315789473684
0.2
3.391304347826087
1.7083333333333333
0.5
2.5
0.08333333333333333
0.25
0.2
0.6
2.0
1.8333333333333333
0.25
1.0
0.8
0.14285714285714285
0.2222222222222222
0.0625
0.043478260869565216
0.46153846153846156
0.12121212121212122
0.25
0.6
0.4666666666666667
0.2830188679245283
0.16666666666666666
0.8421052631578947
0.25
2.3333333333333335
1.7777777777777777
0.3870967741935484
2.1666666666666665
0.4
0.7272727272727273
0.11538461538461539
0.0625
0.427536231884058
0.11538461538461539
0.36363636363636365
0.08333333333333333
3.5
3.75
1.25
0.2222222222222222
0.3333333333333333
0.3333333333333333
1.25
0.42857142857142855
0.10909090909090909
0.25
0.25
0.4
0.20833333333333334
0.5555555555555556
1.5
1.0
2.2857142857142856
0.2
0.6
1.4
1.0
0.4444444444444444
0.2
2.3
2.5714285714285716
1.25
0.20930232558139536
0.027777777777777776
0.125
0.037037037037037035
0.07142857142857142
4.0
0.14285714285714285
1.5
2.0
0.8571428571428571
2.8461538461538463
2.0
0.9375
1.8571428571428572
0.72
1.5555555555555556
0.8333333333333334
2.0833333333333335
0.03125
0.07142857142857142
0.15
0.25
0.2
0.2
0.5384615384615384
1.0714285714285714
2.9
1.25
1.0
0.0625
0.75
0.36363636363636365
1.5454545454545454
0.4
1.7692307692307692
0.4358974358974359
0.1111111111111111
0.25
0.125
0.16666666666666666
0.2
1.8518518518518519
2.25
3.6666666666666665
0.8333333333333334
0.25
0.2
0.3333333333333333
0.6875
1.1111111111111112
0.7777777777777778
0.5875
1.7142857142857142
1.0
2.125
0.16666666666666666
0.5555555555555556
2.3333333333333335
1.5
1.1428571428571428
1.4814814814814814
0.13636363636363635
0.16666666666666666
1.4
0.5
1.4
2.0
0.6164383561643836
0.4819277108433735
1.25
0.14814814814814814
2.7
0.46153846153846156
0.25
0.030303030303030304
0.041666666666666664
0.16666666666666666
0.06451612903225806
0.8
0.0625
0.5
0.16666666666666666
3.5
0.011764705882352941
0.2926829268292683
3.0
1.6363636363636365
3.0
1.0909090909090908
0.3333333333333333
3.1818181818181817
0.1
0.25
0.25
0.75
0.26666666666666666
0.045454545454545456
0.08108108108108109
0.375
0.6
0.4230769230769231
0.75
1.25
0.125
0.3333333333333333
1.0
0.75
0.75
0.038461538461538464
0.7058823529411765
1.6875
3.0
1.5151515151515151
0.8666666666666667
2.3333333333333335
0.5454545454545454
0.25
4.75
3.3333333333333335
2.272727272727273
0.7272727272727273
1.0
1.3
1.9411764705882353
0.6666666666666666
2.5
0.5
0.9090909090909091
0.045454545454545456
0.08333333333333333
0.09090909090909091
1.1428571428571428
0.2962962962962963
0.08333333333333333
0.375
0.14285714285714285
0.2
0.2
0.08333333333333333
0.02857142857142857
0.1
3.3333333333333335
0.6666666666666666
0.5555555555555556
2.4166666666666665
2.6
0.25
0.25
4.5
0.04
1.0
0.05714285714285714
0.037037037037037035
0.1875
0.14285714285714285
0.7142857142857143
1.625
2.1
0.6226415094339622
3.625
0.08695652173913043
1.2857142857142858
0.3111111111111111
0.5769230769230769
1.5
0.03125
0.05
1.9310344827586208
0.023809523809523808
1.625
0.11290322580645161
0.8181818181818182
4.333333333333333
0.29411764705882354
0.25
0.16666666666666666
0.0058823529411764705
0.75
2.3333333333333335
0.058823529411764705
0.09090909090909091
0.07142857142857142
3.25
1.5
0.5
2.727272727272727
0.30985915492957744
0.38461538461538464
0.4375
0.05555555555555555
0.3333333333333333
1.1428571428571428
4.5
0.08333333333333333
0.25806451612903225
0.06666666666666667
0.25862068965517243
0.2
0.5263157894736842
0.14285714285714285
2.4
0.5
0.125
0.058823529411764705
0.17647058823529413
2.3333333333333335
1.25
0.5833333333333334
0.75
0.13333333333333333
0.3333333333333333
0.25
0.4444444444444444
0.4375
1.2
0.3125
2.0952380952380953
0.03333333333333333
1.0
0.5
0.3473684210526316
0.1
0.08695652173913043
0.0684931506849315
0.42857142857142855
0.6666666666666666
0.25
0.4
1.4285714285714286
5.75
1.6
1.8333333333333333
2.4
3.2
0.6
0.5
0.3
0.4
0.08333333333333333
0.75
0.5
0.34210526315789475
1.6
1.6
0.14285714285714285
0.25
0.3333333333333333
1.75
0.7777777777777778
0.07142857142857142
0.8636363636363636
2.125
4.0
0.14285714285714285
0.16666666666666666
2.0
0.10526315789473684
0.16666666666666666
0.1875
0.08333333333333333
0.13043478260869565
0.058823529411764705
2.2
0.03225806451612903
0.25
0.75
0.47058823529411764
0.25
0.4827586206896552
0.25
0.875
0.5714285714285714
0.06666666666666667
0.06666666666666667
0.6
0.045454545454545456
0.29411764705882354
0.4
1.2692307692307692
0.25925925925925924
1.7777777777777777
0.8333333333333334
0.3018867924528302
2.0
4.3
0.08108108108108109
0.46153846153846156
0.16666666666666666
1.368421052631579
5.833333333333333
1.7083333333333333
0.47368421052631576
0.6
0.25
0.16666666666666666
0.2222222222222222
0.09090909090909091
0.45454545454545453
1.25
1.0
0.3888888888888889
0.08333333333333333
0.0196078431372549
0.07692307692307693
1.375
0.625
1.0
3.3157894736842106
0.5714285714285714
4.0
0.23529411764705882
2.0
0.45454545454545453
0.0625
0.3
0.75
1.8823529411764706
0.8333333333333334
1.0
0.037037037037037035
0.25
1.625
2.0
0.2
0.09090909090909091
0.0625
0.3333333333333333
0.36363636363636365
0.8
1.0
0.09090909090909091
2.125
0.6153846153846154
0.4
1.2857142857142858
0.16666666666666666
1.375
0.08
0.05263157894736842
0.16666666666666666
0.0625
4.0
1.25
2.25
0.21428571428571427
0.14285714285714285
0.3333333333333333
0.23809523809523808
0.5
1.4166666666666667
0.8333333333333334
0.02631578947368421
0.6428571428571429
2.090909090909091
0.3333333333333333
2.4166666666666665
0.07142857142857142
0.17391304347826086
0.25
0.46153846153846156
2.5714285714285716
1.325
0.09090909090909091
0.25
2.75
2.875
2.5641025641025643
2.1
0.46153846153846156
1.105263157894737
0.375
0.5
0.5
0.09090909090909091
0.14285714285714285
0.2222222222222222
0.14285714285714285
0.25
0.45161290322580644
0.07692307692307693
2.875
2.0
0.7142857142857143
2.0
2.9444444444444446
0.18518518518518517
0.08695652173913043
0.46153846153846156
1.2857142857142858
2.1666666666666665
0.3181818181818182
2.6666666666666665
0.75
1.0
0.04
2.25
0.3333333333333333
0.8333333333333334
0.6
0.05511811023622047
1.7575757575757576
1.0
1.8571428571428572
0.2
0.6666666666666666
2.0
0.1
1.25
0.3488372093023256
0.8
0.5714285714285714
0.25
2.6666666666666665
0.1
0.5
0.09090909090909091
0.25
0.5
1.0
5.4
0.14285714285714285
5.125
0.1111111111111111
0.5833333333333334
0.5
0.4444444444444444
0.07692307692307693
2.5714285714285716
2.4
3.0
1.6666666666666667
0.47368421052631576
1.3846153846153846
1.0
0.03125
1.6666666666666667
3.5
0.14285714285714285
0.07142857142857142
0.8888888888888888
1.736842105263158
1.7777777777777777
3.3333333333333335
1.4
0.16666666666666666
0.8571428571428571
1.4285714285714286
1.4285714285714286
1.5
0.40625
3.5
0.13513513513513514
5.733333333333333
0.6
0.25
0.2727272727272727
0.6666666666666666
0.5625
2.8
2.375
0.2
5.25
0.2
0.9
0.13333333333333333
1.8461538461538463
0.46153846153846156
2.5714285714285716
4.818181818181818
1.0
0.2376237623762376
0.2727272727272727
0.125
0.29411764705882354
0.25
0.5789473684210527
0.5
0.24
0.7096774193548387
0.0625
0.8181818181818182
0.2608695652173913
3.6666666666666665
0.4
0.09090909090909091
0.3333333333333333
1.5714285714285714
0.1724137931034483
0.8888888888888888
2.15
3.125
1.1875
0.4
1.5555555555555556
0.2631578947368421
0.7142857142857143
2.3333333333333335
3.0
0.125
0.5
0.04
4.2
4.2
0.011627906976744186
0.2727272727272727
0.05263157894736842
0.21052631578947367
0.05263157894736842
0.7333333333333333
0.2857142857142857
0.16666666666666666
0.017241379310344827
2.3255813953488373
1.9090909090909092
2.0
0.4
1.8333333333333333
2.1818181818181817
0.45454545454545453
4.0
0.125
2.8461538461538463
4.266666666666667
0.2
0.03816793893129771
1.5
0.375
1.5294117647058822
1.125
0.2
5.0
0.034482758620689655
0.18181818181818182
0.1320754716981132
0.14285714285714285
0.06666666666666667
0.3333333333333333
4.761904761904762
0.10526315789473684
0.058823529411764705
0.0425531914893617
1.2857142857142858
1.8235294117647058
0.2727272727272727
0.7450980392156863
0.047619047619047616
0.7692307692307693
0.09090909090909091
3.5555555555555554
0.11538461538461539
3.076923076923077
0.03205128205128205
0.75
3.375
0.1875
1.3571428571428572
1.0
2.0
0.2
1.0
0.2
2.1818181818181817
0.75
0.16666666666666666
0.7631578947368421
1.02
0.2916666666666667
0.6
2.3333333333333335
1.5714285714285714
1.75
0.4444444444444444
0.35
0.056179775280898875
0.2037037037037037
1.5769230769230769
0.6666666666666666
0.2222222222222222
0.02631578947368421
0.9777777777777777
0.4
0.42857142857142855
0.5
0.2
0.05555555555555555
0.25
2.8
0.5
1.0
0.04819277108433735
2.5
0.15625
1.0
0.75
2.5
0.7272727272727273
0.391304347826087
0.1
0.16
0.25
0.16666666666666666
0.4666666666666667
0.5454545454545454
2.888888888888889
0.19047619047619047
0.5833333333333334
0.0625
0.1724137931034483
2.8333333333333335
0.6363636363636364
0.0
2.0
0.12121212121212122
0.16
0.6666666666666666
1.5
1.8461538461538463
2.6666666666666665
2.2222222222222223
0.25
0.18181818181818182
2.473684210526316
0.5
0.34782608695652173
2.0434782608695654
1.1666666666666667
0.3333333333333333
0.0
0.0
1.25
1.8181818181818181
0.2
0.4
0.08620689655172414
3.3333333333333335
2.2857142857142856
0.75
0.8823529411764706
4.25
1.6
1.6
0.16666666666666666
0.08333333333333333
0.12299465240641712
0.3684210526315789
0.8571428571428571
2.375
0.19607843137254902
5.8
0.9615384615384616
0.75
0.5172413793103449
0.625
1.6
0.3333333333333333
2.2
0.17857142857142858
0.1111111111111111
1.2727272727272727
1.1
1.2
0.2962962962962963
1.5
0.08333333333333333
2.4545454545454546
0.6666666666666666
0.02127659574468085
0.14285714285714285
0.10526315789473684
1.2
0.2
0.2
0.09090909090909091
0.6666666666666666
0.3442622950819672
0.1388888888888889
2.8333333333333335
0.0
1.9
0.0
0.75
0.0
1.3
0.0136986301369863
1.25
0.42857142857142855
1.2941176470588236
0.2857142857142857
0.0
2.1538461538461537
0.5
2.6
0.8
3.0
3.2
0.16
0.16666666666666666
0.25
0.625
0.3333333333333333
0.041666666666666664
0.4444444444444444
0.06666666666666667
0.0
0.25
4.0
2.2
0.875
0.0
0.25
0.14285714285714285
2.2857142857142856
2.857142857142857
0.09523809523809523
0.07692307692307693
0.75
0.3076923076923077
0.14285714285714285
0.4444444444444444
0.1
0.058823529411764705
1.2727272727272727
0.05714285714285714
0.28205128205128205
0.2
0.02857142857142857
6.0
0.16666666666666666
1.5
1.0
0.1111111111111111
0.0
0.5
0.0
0.0
0.4444444444444444
0.12121212121212122
1.1666666666666667
0.14285714285714285
0.06666666666666667
0.0
2.0
0.8333333333333334
2.3333333333333335
5.25
2.0
0.09090909090909091
0.0625
0.1
0.18181818181818182
0.125
0.3333333333333333
0.0625
2.0
3.8823529411764706
0.2222222222222222
0.4166666666666667
1.0
1.0
0.8
0.08333333333333333
1.565217391304348
0.1111111111111111
0.2631578947368421
2.95
2.0
3.0
0.046875
0.1111111111111111
1.5
0.5714285714285714
0.42857142857142855
0.75
0.3333333333333333
0.1388888888888889
3.2
0.42857142857142855
0.0
0.875
0.2830188679245283
0.375
0.0
0.75
0.8
0.75
1.5555555555555556
2.6
0.10256410256410256
0.043478260869565216
1.6
0.2222222222222222
0.0
2.2857142857142856
0.5714285714285714
0.2
4.666666666666667
1.411764705882353
0.029411764705882353
1.0
0.1
0.0
0.10714285714285714
1.2142857142857142
0.058823529411764705
0.13333333333333333
0.8333333333333334
1.8333333333333333
0.5625
0.3620689655172414
0.42857142857142855
0.047619047619047616
0.0
0.9230769230769231
0.625
0.6
0.0
3.0
1.8571428571428572
0.0
0.09523809523809523
4.25
4.333333333333333
0.6111111111111112
0.21739130434782608
1.8888888888888888
0.0
0.25
0.030303030303030304
0.08333333333333333
1.0
1.5
0.6
0.6666666666666666
0.9166666666666666
0.36363636363636365
1.5333333333333334
0.09523809523809523
1.4
0.6
3.0
0.5
3.076923076923077
0.015151515151515152
0.1111111111111111
0.8571428571428571
0.35294117647058826
4.333333333333333
0.018518518518518517
0.7142857142857143
4.75
0.0
0.2857142857142857
0.25
0.4
2.857142857142857
1.0
0.5
1.5
0.2
1.7272727272727273
0.14285714285714285
0.6
0.7142857142857143
0.07692307692307693
0.18181818181818182
0.16666666666666666
1.0
1.25
0.4
0.75
0.3125
0.5
0.26666666666666666
2.6666666666666665
0.1388888888888889
0.5
3.6666666666666665
0.45454545454545453
7.2
0.3076923076923077
0.03571428571428571
0.4166666666666667
0.20833333333333334
2.6666666666666665
0.6
0.8888888888888888
0.05970149253731343
1.8
1.8461538461538463
0.2
0.07692307692307693
0.2222222222222222
0.038202247191011236
0.3333333333333333
0.07142857142857142
1.0833333333333333
0.125
1.5
0.1780821917808219
0.16666666666666666
0.16666666666666666
1.1428571428571428
0.046357615894039736
0.46296296296296297
0.5
2.25
0.2347417840375587
0.14285714285714285
0.96
1.0555555555555556
1.5
0.07142857142857142
0.4
3.0
0.08080808080808081
1.8888888888888888
1.4
0.3424657534246575
3.9375
1.6428571428571428
2.2
6.2
0.6
2.2142857142857144
0.75
0.3888888888888889
1.0833333333333333
3.764705882352941
0.06060606060606061
0.0
1.24
2.533333333333333
0.14634146341463414
0.1111111111111111
0.1111111111111111
0.06976744186046512
0.0
0.05128205128205128
3.0
0.0
0.125
1.1875
0.04
1.0
0.0
0.03225806451612903
1.0
0.05263157894736842
0.16
0.13636363636363635
0.125
0.038461538461538464
0.07547169811320754
0.3
0.42857142857142855
0.07142857142857142
1.6363636363636365
0.2
0.375
0.7777777777777778
0.7692307692307693
0.0
0.2857142857142857
1.5
0.08571428571428572
0.10526315789473684
0.2978723404255319
1.0
0.6363636363636364
0.7142857142857143
0.65
0.0
0.4444444444444444
0.21052631578947367
0.2222222222222222
0.25
1.25
1.5
0.6666666666666666
2.5
1.098901098901099
1.0
3.25
0.6428571428571429
1.25
0.8333333333333334
0.07692307692307693
0.375
0.3333333333333333
0.46153846153846156
0.21052631578947367
0.46153846153846156
2.8333333333333335
0.07692307692307693
0.05555555555555555
0.05263157894736842
0.9285714285714286
0.3170731707317073
0.09090909090909091
0.1
0.045454545454545456
0.9230769230769231
0.2
0.4090909090909091
1.0
1.8333333333333333
0.75
2.25
0.75
0.2
0.05128205128205128
1.0
1.0
0.0
0.6666666666666666
0.15384615384615385
1.1111111111111112
0.1
4.2
0.0
0.0
4.4
0.42857142857142855
0.0
1.2
1.8125
1.0
0.8
0.0
0.034722222222222224
0.058823529411764705
0.09090909090909091
0.5
0.42857142857142855
0.16666666666666666
0.2222222222222222
0.09523809523809523
2.8
0.4
0.2222222222222222
1.1111111111111112
1.0
2.25
0.5
0.1111111111111111
2.75
1.5
0.0
0.27586206896551724
0.06666666666666667
0.08333333333333333
0.17857142857142858
0.0
0.14814814814814814
0.25
0.14285714285714285
0.7777777777777778
2.5
0.875
0.45161290322580644
2.0
0.5714285714285714
0.5555555555555556
0.8
0.10526315789473684
0.4444444444444444
0.16666666666666666
0.13636363636363635
0.16666666666666666
1.9090909090909092
0.8
0.2222222222222222
0.09523809523809523
0.5
0.0
0.25
1.0
0.04
0.7777777777777778
0.0
0.5
1.1666666666666667
0.2857142857142857
0.045454545454545456
0.07142857142857142
0.0
0.0
0.3
0.75
0.5
0.2857142857142857
0.25806451612903225
1.75
0.4482758620689655
0.42857142857142855
0.375
2.0
0.0
2.0
0.16666666666666666
0.0
0.5
0.5
0.6
0.4166666666666667
0.6
0.5
0.3125
0.0
0.375
0.2631578947368421
1.6666666666666667
1.4
0.6666666666666666
3.8
0.8333333333333334
0.15
0.5
0.16666666666666666
4.2
1.5
0.5555555555555556
1.5714285714285714
0.11428571428571428
0.27586206896551724
1.8333333333333333
1.8333333333333333
0.125
0.23809523809523808
0.3333333333333333
1.5714285714285714
0.11538461538461539
0.5454545454545454
0.0
0.5
0.5714285714285714
0.42857142857142855
2.4615384615384617
0.2222222222222222
3.3333333333333335
0.4
0.5263157894736842
1.0
0.42857142857142855
2.75
0.8333333333333334
1.3333333333333333
0.18181818181818182
1.1428571428571428
0.6
0.0
1.2222222222222223
3.4285714285714284
0.7058823529411765
5.222222222222222
1.2222222222222223
1.75
0.8421052631578947
1.25
1.25
1.625
0.8181818181818182
2.2857142857142856
0.3333333333333333
3.8461538461538463
2.4
2.8333333333333335
2.1
3.8333333333333335
1.1428571428571428
0.25
2.6
0.5
0.12
0.125
0.4
1.25
0.375
0.25
0.5
0.4
1.0
0.34375
1.4444444444444444
1.75
1.375
0.2857142857142857
4.8
1.5
0.6
0.5714285714285714
1.8
0.3333333333333333
1.5
2.6666666666666665
0.9333333333333333
5.777777777777778
0.1794871794871795
2.8333333333333335
2.1666666666666665
0.4
0.1875
0.037037037037037035
0.0
0.21052631578947367
0.0
0.4
0.16666666666666666
1.6666666666666667
1.25
0.0
0.125
0.4166666666666667
0.5555555555555556
1.8
1.0
1.5
0.6
0.17647058823529413
0.0
1.0909090909090908
0.0
0.4
3.3125
6.0
0.5072463768115942
0.875
3.1666666666666665
1.0
0.08695652173913043
0.4
2.0
0.09523809523809523
0.18181818181818182
0.2727272727272727
0.3
0.4444444444444444
1.1875
0.2
1.3333333333333333
0.7142857142857143
3.5555555555555554
0.13333333333333333
0.20833333333333334
0.3333333333333333
0.6
0.3333333333333333
0.5714285714285714
0.13636363636363635
3.5555555555555554
0.4666666666666667
0.8333333333333334
0.05263157894736842
0.25
2.4
4.111111111111111
2.75
3.857142857142857
0.6666666666666666
0.375
0.3333333333333333
0.0
1.5
0.8333333333333334
1.75
0.11764705882352941
0.5555555555555556
0.3333333333333333
3.75
0.3333333333333333
1.5
0.15625
0.23076923076923078
0.0
1.5
0.5
0.15789473684210525
0.375
0.3
0.0
0.25
0.14285714285714285
0.1111111111111111
0.375
0.8571428571428571
0.46153846153846156
0.4444444444444444
1.1666666666666667
0.3333333333333333
0.2222222222222222
0.47619047619047616
0.48484848484848486
1.0
0.18604651162790697
0.15384615384615385
3.0
2.5
0.2
0.15789473684210525
1.125
1.5
2.4
0.3076923076923077
0.9
0.15789473684210525
1.2666666666666666
1.25
0.0
0.6
0.7222222222222222
1.2
0.3333333333333333
0.1111111111111111
0.2
0.5
0.5
3.6
0.2631578947368421
0.6923076923076923
0.2777777777777778
2.5
0.4
0.125
0.15384615384615385
0.36046511627906974
1.75
0.3
1.2222222222222223
0.4
2.25
0.14285714285714285
0.8461538461538461
0.08333333333333333
0.5384615384615384
0.5555555555555556
1.75
2.0
1.25
0.25
0.0
0.32142857142857145
1.2222222222222223
0.625
1.0
0.4166666666666667
0.2
0.1
1.5
0.7142857142857143
0.5
0.7272727272727273
0.046511627906976744
0.2222222222222222
1.1818181818181819
1.2
2.909090909090909
0.0
0.5555555555555556
0.1111111111111111
0.625
1.8666666666666667
0.10526315789473684
0.06896551724137931
0.7142857142857143
1.3333333333333333
0.4
0.4
0.26666666666666666
0.058823529411764705
0.5
1.1428571428571428
1.75
1.0909090909090908
3.6
1.1176470588235294
0.08695652173913043
0.0
0.3
0.5
7.5
0.6470588235294118
0.0
1.75
0.36666666666666664
1.25
0.5
1.8888888888888888
0.6
0.14285714285714285
0.23529411764705882
1.5
2.3
3.2666666666666666
9.25
1.5957446808510638
0.2727272727272727
2.4285714285714284
0.16666666666666666
0.25
0.6363636363636364
0.0
0.08333333333333333
0.125
0.25
0.2
0.2
0.4
1.2
4.4
0.8888888888888888
2.5
2.8
4.6
0.6
0.03225806451612903
1.3333333333333333
2.25
0.09302325581395349
0.5
1.0
0.0
0.6
0.1875
0.2857142857142857
1.2
0.15384615384615385
1.25
0.75
0.375
0.36
0.0
0.13636363636363635
0.3333333333333333
0.75
0.0
0.2857142857142857
0.75
0.0
2.0
