0.0
0.28798916935920715
0.0024474437814205885
0.8129328489303589
0.8585302233695984
0.5750665664672852
0.0
0.01698950305581093
0.0
0.0010738573037087917
0.050211381167173386
0.24001410603523254
0.8328096866607666
3.7670187884941697E-4
0.9873930811882019
0.005556870251893997
0.15460367500782013
0.9329922795295715
0.6192149519920349
0.7737761735916138
0.9186956882476807
0.010295214131474495
0.9311220645904541
0.9977470636367798
0.0048102810978889465
0.9980717301368713
0.0964282974600792
0.3085218667984009
0.5483986735343933
0.9637922644615173
0.9989097714424133
0.33172866702079773
0.53551185131073
0.00546753266826272
0.23321376740932465
0.6433677673339844
0.6548933982849121
0.004436031449586153
0.0
0.96019047498703
0.0
0.19122853875160217
0.0041258251294493675
0.0
0.5116002559661865
0.31878435611724854
3.545876534190029E-4
0.0028468361124396324
0.0
0.5523410439491272
0.4471464157104492
0.06344615668058395
0.6682077646255493
0.0032698730938136578
0.4814976155757904
0.017245177179574966
0.28373461961746216
0.2285594791173935
0.678961455821991
0.6224436163902283
0.3250484764575958
0.0937153622508049
0.7482690215110779
0.7251206040382385
0.0
0.013159598223865032
0.20632590353488922
0.0014264320489019156
0.5268701910972595
0.07811498641967773
0.9594449400901794
0.9287860989570618
6.291336030699313E-4
0.9318011403083801
0.9713559150695801
0.01575065590441227
0.6417070031166077
0.40875566005706787
0.003328151535242796
0.44192206859588623
0.0
0.9455764889717102
0.1427287459373474
0.9676927924156189
0.9888211488723755
0.0015016165561974049
0.27807536721229553
0.46957388520240784
0.4481988549232483
0.6492738127708435
0.5312865972518921
0.7429636716842651
0.7548089027404785
2.4956665583886206E-4
0.11698724329471588
0.6169164776802063
0.002163885161280632
0.8918404579162598
0.5625665187835693
0.010901132598519325
0.013637803494930267
0.5774897933006287
0.719492495059967
0.18996556103229523
0.15390431880950928
0.829247772693634
0.9944064617156982
0.47513338923454285
0.42389020323753357
3.986292867921293E-4
0.0
0.0071843392215669155
0.9899054169654846
0.6872237920761108
0.7405441999435425
0.1250658482313156
0.001645524986088276
0.02335047535598278
0.019314536824822426
0.7898004055023193
0.9756399393081665
0.04520835354924202
0.16574598848819733
0.19740258157253265
2.0334268629085273E-4
0.004061968997120857
0.68799889087677
4.929263959638774E-4
0.9960559606552124
0.9897961616516113
0.9899641275405884
0.44710689783096313
0.6657617092132568
0.7383792400360107
0.9796578288078308
0.0
0.6993955373764038
0.6716891527175903
0.022365570068359375
0.8543245792388916
0.9513166546821594
0.8861557841300964
0.9117745757102966
0.013153482228517532
0.8437696695327759
0.05126797780394554
0.0
0.0
0.9952614307403564
0.004496856592595577
0.0
0.001692354679107666
0.8554418683052063
0.028653716668486595
0.023678306490182877
0.018486615270376205
0.5445818901062012
0.8699190616607666
0.049846019595861435
0.8709740042686462
0.5743788480758667
0.004991601221263409
5.216050776652992E-4
0.5146427750587463
0.06757257878780365
0.8759828805923462
0.8451253175735474
0.012432355433702469
0.9306836128234863
0.18901950120925903
0.13274884223937988
0.76998370885849
0.2525847852230072
0.0
0.0010672768112272024
0.8902758359909058
0.04458538442850113
0.9453232288360596
0.03299001231789589
0.9053909182548523
0.6093530058860779
0.015670295804739
0.2536221444606781
0.8689427971839905
7.288565393537283E-4
0.0
0.013866228982806206
0.9168086051940918
0.6187196373939514
0.3994513750076294
0.8838255405426025
0.5742490887641907
7.710951031185687E-4
0.02795979380607605
0.004802425857633352
0.002154219662770629
0.0
0.007505516055971384
9.580268524587154E-4
0.06497815996408463
0.9977869987487793
0.8005297183990479
0.9696512818336487
6.686754059046507E-4
0.8178253173828125
0.8723357915878296
0.07247380167245865
0.2454705685377121
0.408903568983078
0.1288517266511917
0.43728768825531006
0.022704550996422768
0.27666139602661133
0.03093421459197998
0.7545210123062134
0.28656476736068726
0.3330092430114746
0.3774365484714508
0.44092658162117004
0.6429399847984314
0.9702339172363281
0.7603302001953125
0.2677870988845825
0.001115475664846599
0.0904918909072876
0.46565309166908264
0.008681338280439377
0.6144415140151978
0.5478610396385193
0.017686188220977783
3.6357855424284935E-4
0.6418896913528442
0.0
0.13249535858631134
0.18935251235961914
0.05052659660577774
0.8494117259979248
0.08866241574287415
0.8070291876792908
0.9735859632492065
0.3631782829761505
0.0
0.024423522874712944
0.9995604157447815
0.26199522614479065
0.23387886583805084
0.09319645166397095
0.31469011306762695
0.889713704586029
0.25736525654792786
0.99258953332901
0.032313037663698196
0.7429000735282898
0.0
1.3405003119260073E-4
0.8813028335571289
0.01565462537109852
0.09277398139238358
0.31842079758644104
0.7641957998275757
0.0
0.649933934211731
0.20948894321918488
0.016776131466031075
0.055214956402778625
0.0016697130631655455
0.0015131286345422268
0.0018323380500078201
2.870062889996916E-4
0.2885068953037262
0.032770656049251556
0.9510136842727661
0.7092459201812744
0.05546429753303528
0.9992765784263611
0.021260755136609077
8.668380323797464E-4
0.8229270577430725
0.045576490461826324
0.7403330206871033
0.8189978003501892
0.9992204904556274
0.9797540903091431
0.21953661739826202
0.3907133638858795
0.17518527805805206
0.627208411693573
0.0
0.0
0.0
0.4160153567790985
0.0
0.023219065740704536
0.8719334006309509
0.004408035892993212
0.2010028064250946
0.9979727864265442
1.0198287054663524E-4
0.0
0.05431075394153595
0.05849795415997505
0.42687132954597473
0.2117435187101364
0.7932343482971191
0.020378055050969124
0.6265503764152527
0.5824077129364014
0.4780612289905548
0.6378597021102905
0.18602608144283295
0.016079168766736984
0.0
0.7060917019844055
0.17620237171649933
8.926269365474582E-4
0.44775912165641785
0.013155052438378334
0.024794574826955795
0.6566658020019531
0.26213476061820984
0.0
0.0
0.15893523395061493
0.6511482000350952
0.0013281441060826182
0.4532066881656647
0.7819737792015076
0.0
0.08692045509815216
0.07039348036050797
0.13527390360832214
0.653822124004364
0.6212320327758789
0.8685464262962341
0.8276239037513733
0.6911986470222473
0.3189488351345062
0.019651422277092934
0.46845051646232605
0.7798494696617126
0.02410624548792839
0.12922081351280212
0.11694639921188354
0.8871979713439941
0.9046475291252136
0.3855321705341339
0.006229782942682505
0.634945273399353
0.08026713132858276
0.472771555185318
0.48741236329078674
1.0982723324559629E-4
2.0457262871786952E-4
0.18797561526298523
0.4213787913322449
0.19391772150993347
0.9577178955078125
0.008632449433207512
0.0027023795992136
0.021846521645784378
0.0
0.9894390106201172
0.7174466848373413
5.339793278835714E-4
0.07101347297430038
0.06588855385780334
0.989008903503418
0.6364566087722778
0.010313127189874649
0.0
0.20032624900341034
0.4875107705593109
0.02668127976357937
0.9772637486457825
0.0
0.47685644030570984
0.9342237114906311
0.9765443205833435
0.9076818823814392
0.9660997986793518
0.987365186214447
0.07204597443342209
0.11807822436094284
9.88493557088077E-4
0.0
0.7347366809844971
0.011804355308413506
0.05240987613797188
0.3268243372440338
0.001827071770094335
0.6660631895065308
0.09130293130874634
1.0480676428414881E-4
0.9035962224006653
0.4609602093696594
0.01885826513171196
0.3599020540714264
0.29745131731033325
0.01324606966227293
0.01159005519002676
0.9801934957504272
0.0
0.19964957237243652
0.9702894687652588
0.022734003141522408
0.00518397893756628
0.015578356571495533
0.5240025520324707
0.9209260940551758
0.12081809341907501
0.0
0.009097740054130554
0.06570734083652496
0.7149561047554016
0.4347827732563019
0.0
0.0
0.09365322440862656
0.8940492272377014
0.6635682582855225
0.7233189344406128
0.0
2.3249108926393092E-4
0.9962078928947449
2.020753308897838E-4
0.7867891788482666
0.1497851014137268
0.1835452765226364
0.06326840072870255
0.4174189865589142
0.7783108353614807
0.9783967733383179
0.5563880801200867
0.48020946979522705
0.0
0.5359660983085632
0.10835138708353043
0.1589256227016449
0.0
0.2849118411540985
0.0010684060398489237
0.9750845432281494
5.475413636304438E-4
0.6135590672492981
0.9292421936988831
0.18310852348804474
0.8035955429077148
0.9360933899879456
0.9107475876808167
0.0
0.0
0.0
0.2200426310300827
2.4478326668031514E-4
0.16354428231716156
0.11805787682533264
0.0
0.5223166942596436
0.0
0.89676833152771
0.5193586349487305
0.7019021511077881
0.8626549243927002
0.8666558265686035
0.0030133076943457127
0.16589583456516266
0.9404159188270569
0.005111046135425568
0.9806574583053589
0.04788892716169357
5.123369628563523E-4
4.860399931203574E-4
0.4297754764556885
0.6976333856582642
0.06935860961675644
0.9069702625274658
0.5181205868721008
0.8990455865859985
0.8923308849334717
0.9299033284187317
0.5085498690605164
0.734858512878418
0.856291651725769
0.9955762624740601
0.6885979771614075
0.18610495328903198
0.16775642335414886
0.7561375498771667
0.065718874335289
0.6389860510826111
0.7811033725738525
5.65801456104964E-4
0.30013155937194824
0.7884514927864075
0.0012761675752699375
0.9764164686203003
0.9668097496032715
0.11665230244398117
0.4949408173561096
1.7332470451947302E-4
0.2693108916282654
0.9904555082321167
0.5435667634010315
0.06991485506296158
1.4558597467839718E-4
0.0
0.9865894317626953
1.2838479597121477E-4
2.281649794895202E-4
0.8738256096839905
0.22203250229358673
0.9246680736541748
0.9547713994979858
0.8155706524848938
0.0728904977440834
0.27733945846557617
0.03927021101117134
0.0032647771295160055
0.37591108679771423
0.38546067476272583
0.007336336188018322
0.19113914668560028
0.7071722149848938
0.05345725268125534
0.030148494988679886
0.2858596742153168
0.003726344322785735
0.019564896821975708
0.8850300908088684
0.1754407286643982
0.8826608061790466
0.5388525128364563
0.06480042636394501
0.004298846237361431
0.7644554972648621
0.07494620233774185
0.6143391728401184
0.009278797544538975
1.2491134111769497E-4
0.0
0.015170548111200333
0.002173620043322444
0.4600251615047455
0.2376316785812378
0.0
0.01771465502679348
0.9673502445220947
0.0
2.7730705915018916E-4
0.89481121301651
0.04062758386135101
8.275629370473325E-4
0.14405499398708344
0.7332069873809814
0.963992178440094
0.4291824698448181
0.9612777829170227
0.1521354615688324
0.9881365895271301
0.05472942441701889
0.3528152406215668
0.3493051528930664
0.01582144945859909
0.9836896657943726
0.10296784341335297
0.0
0.4293246865272522
0.7134022116661072
0.6411275863647461
0.7541584372520447
0.01992330141365528
0.04839285835623741
0.2633187770843506
0.9791487455368042
1.3220580876804888E-4
0.9934535622596741
0.45586732029914856
0.9909852147102356
0.9944356679916382
0.596545398235321
0.9850916266441345
0.9039942026138306
0.9598134756088257
0.9900603890419006
0.9689805507659912
0.9899610280990601
4.8820560914464295E-4
6.053342367522418E-4
0.7451925277709961
0.7492304444313049
0.003066780511289835
0.1157165989279747
0.9631377458572388
0.0016569478902965784
0.09279574453830719
0.0
0.0
0.7319029569625854
0.014898783527314663
0.27465566992759705
6.653117598034441E-4
0.9603639841079712
0.990681529045105
0.983493447303772
2.581414591986686E-4
0.8812869787216187
0.017240451648831367
0.9679827094078064
0.23137953877449036
0.9963139891624451
0.9998502135276794
0.16150829195976257
0.9496945738792419
0.928139865398407
0.0
5.110409110784531E-4
0.8553789258003235
0.07589524239301682
0.3067103922367096
0.9386147260665894
0.06719617545604706
0.0977453961968422
0.77244633436203
0.7102009057998657
0.0
0.0
0.8640193343162537
0.05686353147029877
0.11118246614933014
0.9573435187339783
0.01921103149652481
0.009493845514953136
0.8381282687187195
0.006059948820620775
0.7909075021743774
0.5048844814300537
0.1228780522942543
0.024424714967608452
0.4727797210216522
0.0019758017733693123
0.9820753931999207
0.44160017371177673
0.05709176883101463
0.03490782156586647
0.05453422665596008
0.12340124696493149
0.6452615857124329
0.0037708114832639694
0.9879800081253052
0.9012686610221863
0.0
0.4095962941646576
0.0
0.5726714134216309
0.04871261119842529
0.511588454246521
0.257350355386734
0.6463747024536133
0.3381723463535309
9.853380033746362E-4
0.9980817437171936
0.04596029967069626
0.017202123999595642
0.07335186749696732
0.03470981493592262
0.15111196041107178
0.9759408831596375
0.7675907611846924
0.33889299631118774
0.737511932849884
0.9888066649436951
0.8829900026321411
0.7476656436920166
0.9951735138893127
0.6785888671875
0.7573880553245544
0.021170519292354584
0.2765585482120514
0.10873387008905411
0.9789251089096069
0.009732747450470924
0.17490386962890625
0.12951944768428802
0.006635043304413557
0.7656251192092896
5.21660374943167E-4
0.6442895531654358
0.9873942136764526
0.9998557567596436
6.349184550344944E-4
0.9218413233757019
0.12288391590118408
0.21136906743049622
0.008969664573669434
0.9436284899711609
0.46651023626327515
0.970647931098938
0.8861905336380005
0.6156030893325806
0.9979992508888245
0.014284268952906132
0.6380951404571533
0.9967079758644104
0.6057704091072083
0.5743902921676636
0.0
0.7835522294044495
0.9579104781150818
0.9830299615859985
0.9987517595291138
0.007599125150591135
0.2640279233455658
0.023067675530910492
0.9961783289909363
0.10555846989154816
0.7575332522392273
0.8840044736862183
2.4279553326778114E-4
0.09524702280759811
0.8914563059806824
0.07701948285102844
0.7627528309822083
0.0
0.6595185399055481
0.0
0.509013831615448
0.7649583220481873
0.8265485763549805
0.9955509901046753
0.34179070591926575
0.16107898950576782
0.005586122162640095
1.7096880765166134E-4
0.0023146846797317266
0.015324942767620087
0.002250195946544409
0.015728289261460304
0.2509572207927704
0.007602505385875702
0.8812218904495239
0.5105879902839661
0.22256861627101898
0.05221416801214218
0.42355772852897644
0.9557256102561951
0.009747018106281757
0.9557256102561951
0.7008204460144043
0.8694609999656677
0.8565549254417419
0.38885578513145447
0.10524506866931915
0.9934349656105042
0.9406232833862305
0.04147686809301376
0.0
0.005690915510058403
0.017562292516231537
2.6448440621607006E-4
0.8577245473861694
0.6155103445053101
0.0
0.6802384853363037
0.6184020042419434
0.0019396273419260979
0.9322543740272522
0.219764843583107
0.004511524923145771
2.437193033983931E-4
0.973699688911438
0.9300335049629211
7.322513265535235E-4
0.0
0.0679549053311348
0.16493147611618042
0.9880761504173279
0.1258895993232727
0.8697633743286133
0.8624738454818726
0.23528850078582764
0.0022499035112559795
2.0207847410347313E-4
0.9704862833023071
0.0143293971195817
0.9541867971420288
2.199523150920868E-4
0.0
0.030433181673288345
0.005249231122434139
0.3136233687400818
0.6671149730682373
1.8479676509741694E-4
0.0042695533484220505
2.2031765547581017E-4
0.5422137975692749
0.9269134402275085
0.0
0.0294658113270998
0.06763749569654465
0.005299914628267288
0.7649996876716614
0.3140629231929779
0.8172190189361572
0.9371004700660706
0.8903871774673462
0.004682959523051977
0.42329758405685425
0.39046287536621094
0.1401768922805786
0.9037697911262512
0.6606216430664062
0.01385536603629589
1.114555707317777E-4
0.024637050926685333
0.25646406412124634
0.09748456627130508
0.046288710087537766
0.7344740629196167
0.9261627793312073
0.9961076378822327
0.00665384391322732
0.0
0.0
0.5862590670585632
0.14534638822078705
0.007946208119392395
0.04982253909111023
0.12555621564388275
0.5849204063415527
0.8923537135124207
0.8899217247962952
0.33094218373298645
0.33105453848838806
0.852688729763031
0.13954323530197144
0.09313998371362686
0.9276891350746155
0.5886916518211365
0.9849690794944763
0.8672812581062317
0.3775020241737366
0.8601850271224976
0.48950469493865967
0.0381440743803978
0.002165423706173897
2.3396522738039494E-4
0.13096608221530914
0.2564457654953003
0.1878025382757187
0.28769880533218384
0.936221182346344
0.03416644409298897
0.11716613918542862
0.048618901520967484
0.013250481337308884
0.3040693700313568
0.8524497747421265
0.9912958145141602
0.9396961331367493
0.0
0.05484946444630623
0.6696224808692932
0.008945761248469353
0.15899181365966797
0.9593636393547058
0.8275036811828613
0.001983815571293235
0.5699681639671326
0.7478571534156799
0.3705727458000183
0.20688983798027039
0.0036263929214328527
0.8228628635406494
0.19891512393951416
0.9331557750701904
0.812624454498291
0.01084196101874113
0.064799964427948
0.18829244375228882
0.01520395278930664
0.04345563426613808
0.3932225704193115
3.451739903539419E-4
0.13221827149391174
0.5459871888160706
0.0
0.0484667643904686
0.6825928092002869
0.4822983741760254
0.025357112288475037
0.4980708360671997
0.0013813559198752046
0.0
0.9010463356971741
0.6383272409439087
6.34862866718322E-4
0.7699930667877197
0.0063736760057508945
0.6357190012931824
0.08947613835334778
0.854758620262146
0.04179604351520538
0.032909903675317764
0.09124210476875305
0.0
0.0015887420158833265
0.06350038200616837
0.028493063524365425
0.019048715010285378
0.007776364218443632
0.3164466619491577
6.298173102550209E-4
0.5542781352996826
0.8062960505485535
0.019927971065044403
0.7878932356834412
0.025077471509575844
0.0480026975274086
0.9850825667381287
0.9911631345748901
0.0
0.14263583719730377
0.1885962188243866
0.6516240835189819
0.014419079758226871
0.8855418562889099
0.05775147303938866
0.04383453354239464
0.5171635150909424
0.005955546163022518
0.305429607629776
0.45341357588768005
0.4234410226345062
0.09762308746576309
0.3363637626171112
0.7740204334259033
0.8690913319587708
0.5868414044380188
0.8857778906822205
0.11250811815261841
0.15360693633556366
0.01797197200357914
0.1888694167137146
0.8223939538002014
0.007782237138599157
0.5246874094009399
0.0
0.06289832293987274
0.9941819310188293
0.997630774974823
0.2789454460144043
0.976106584072113
0.9797426462173462
0.549186110496521
0.003509293543174863
0.9307778477668762
0.006349509581923485
0.8643076419830322
0.7342458963394165
0.7513291835784912
0.01701950840651989
0.0
0.8443579077720642
0.009731832891702652
0.5686351656913757
0.0019862516783177853
0.002295787911862135
0.9057271480560303
0.4216320812702179
0.7828561067581177
0.2863200604915619
0.05351455882191658
0.7637364864349365
0.5070850253105164
0.06026403605937958
0.1264825165271759
0.2215675413608551
0.6962804198265076
0.017904724925756454
0.7163095474243164
0.7618017792701721
0.0011257657315582037
0.4002900719642639
0.40917035937309265
0.7395501732826233
0.06595974415540695
0.0010853465646505356
0.8814531564712524
0.0
0.17292067408561707
0.1443999856710434
0.4734014868736267
0.0
0.8347832560539246
0.0051178825087845325
0.315215528011322
0.7169153094291687
0.007909514009952545
0.9081504344940186
0.6016440987586975
0.007866254076361656
0.20825308561325073
0.49108242988586426
0.8565739393234253
0.7874067425727844
2.976267132908106E-4
0.07636582851409912
0.9924468398094177
0.0
0.044880252331495285
0.8625795245170593
0.5428383350372314
0.14166606962680817
0.573289692401886
0.25193220376968384
0.11020732671022415
0.5586611032485962
0.0
0.9832550287246704
0.2174585908651352
0.34742406010627747
0.0
0.0034602684900164604
0.45498189330101013
0.6699354648590088
0.010149693116545677
0.0016802867176011205
0.11038295179605484
0.0014080790570005774
0.03450297191739082
0.2938578724861145
0.0
0.0
0.1814788281917572
0.13976503908634186
0.9676563143730164
0.9630856513977051
0.6964367032051086
8.042856934480369E-4
0.8530152440071106
0.0017720431787893176
0.0
4.0173481102101505E-4
0.7310495972633362
0.7840874791145325
0.9417049288749695
0.6749334335327148
0.35072609782218933
0.09116175770759583
0.9495044946670532
0.18346120417118073
7.553656469099224E-4
0.9451838731765747
0.08577416837215424
0.3235577344894409
0.10834400355815887
1.2044923641951755E-4
0.9610220789909363
0.09688190370798111
0.5936519503593445
0.6882067322731018
2.6218267157673836E-4
0.06684475392103195
0.02888386696577072
0.12692779302597046
0.9664158821105957
0.9650710821151733
0.2172997146844864
0.0
0.0
0.08295269310474396
0.03366846963763237
0.11627107113599777
0.03046160191297531
0.9347469806671143
0.013661518692970276
0.6372080445289612
0.04842422530055046
0.8398797512054443
0.5626369118690491
0.3446747362613678
0.0
0.19122600555419922
0.0
0.0
0.9545537829399109
0.06936889886856079
0.06780185550451279
0.0
0.7277917265892029
0.001590113970451057
0.0
0.9750003814697266
0.09668619185686111
0.029122542589902878
0.28138408064842224
0.0
0.0
0.8971300721168518
0.04657318443059921
0.5071046352386475
0.0014516612282022834
0.04630197957158089
0.0
0.5229986310005188
0.49242308735847473
0.49910005927085876
0.19732652604579926
0.9917570352554321
0.8485754132270813
0.015243331901729107
0.9033450484275818
0.23381979763507843
0.0
1.5874583914410323E-4
0.9951198101043701
0.47456642985343933
0.028076965361833572
0.0
0.22592414915561676
0.40165168046951294
0.23882323503494263
0.19055727124214172
0.007522278465330601
0.03126109018921852
0.0
0.21348285675048828
0.18577516078948975
0.9287874102592468
0.07372007519006729
0.272233784198761
0.12666131556034088
0.1348688006401062
0.22392253577709198
3.900531737599522E-4
0.0
0.5745707750320435
0.7427032589912415
0.5677079558372498
0.009912240318953991
2.3115723161026835E-4
0.9335036277770996
0.0033907818142324686
0.2674024701118469
0.7572071552276611
0.5242413282394409
0.0
0.0
0.006524006370455027
0.027905648574233055
0.1637485772371292
0.003950819838792086
0.01657320372760296
0.9213690161705017
0.0
0.5305377244949341
3.740444080904126E-4
0.523424506187439
0.4122506082057953
0.9468278288841248
0.6629457473754883
0.9969882965087891
0.9103929996490479
0.8266621828079224
0.5298800468444824
0.0
0.6865701079368591
0.2321525365114212
0.0
0.6074704527854919
0.10723214596509933
1.4178460696712136E-4
0.5515503883361816
0.10277646034955978
6.462699384428561E-4
5.981187568977475E-4
0.01834452711045742
0.03369391709566116
0.0023954662028700113
0.0010114407632499933
0.47202926874160767
0.6124963760375977
0.44268983602523804
0.9870874285697937
0.14838258922100067
2.1889482741244137E-4
5.118725821375847E-4
0.011812853626906872
0.27307555079460144
0.24712593853473663
0.07714301347732544
0.3565309941768646
0.6316020488739014
0.8721522092819214
0.004954998847097158
0.2289426326751709
0.0
1.3564340770244598E-4
0.7641144394874573
0.0
0.006199217401444912
0.11603903025388718
3.301083925180137E-4
0.999324381351471
0.018097946420311928
0.1809891015291214
0.0
0.0902542993426323
0.03047853894531727
0.5510372519493103
0.00447650533169508
0.0
0.0038480062503367662
0.015873057767748833
0.0032249982468783855
0.5645115375518799
0.5293006300926208
0.7984588742256165
0.9700035452842712
0.4052436947822571
0.4155670404434204
0.08513907343149185
0.9687496423721313
0.06496881693601608
0.030376199632883072
8.492948254570365E-4
0.6941031217575073
0.7448822259902954
0.12454983592033386
0.9423467516899109
0.773739218711853
0.0027783713303506374
0.8622492551803589
0.03838715702295303
0.01382535696029663
0.3264138400554657
1.1811310105258599E-4
4.971057642251253E-4
0.007159817032516003
4.604387504514307E-4
0.0
0.8933216333389282
0.9085937738418579
0.03775746375322342
0.0013267165049910545
0.03904665261507034
0.9272050857543945
0.003721619490534067
0.7105017304420471
0.8852442502975464
0.5233028531074524
0.7382526397705078
0.21889278292655945
0.9846546053886414
0.0
0.6039513349533081
0.7955785989761353
0.15544231235980988
0.001938610919751227
0.24079184234142303
0.006861573550850153
0.012297512963414192
0.19107073545455933
0.240457221865654
0.3136332631111145
0.044722285121679306
0.009129077196121216
0.0
0.04403749853372574
0.0
0.036110520362854004
0.512302041053772
6.625159294344485E-4
0.4486587941646576
0.9772749543190002
0.7856475114822388
6.277665379457176E-4
0.8392820358276367
0.524940550327301
0.9820453524589539
0.11922276765108109
0.19458045065402985
0.7336519360542297
0.31005623936653137
0.12933336198329926
0.753598690032959
0.8925138711929321
0.0
3.128201642539352E-4
0.825431764125824
0.9724552631378174
0.3844923973083496
0.012128675356507301
0.8431198000907898
1.6889705148059875E-4
0.10800299793481827
0.0
0.0
0.005424117669463158
0.3860127627849579
0.006646315101534128
0.44863253831863403
0.0068490514531731606
0.9192339181900024
0.0
0.045214805752038956
0.011983191594481468
0.4543045461177826
0.04748014733195305
0.03580647334456444
0.06847634166479111
0.06301087141036987
0.6781371235847473
0.37749332189559937
0.010187938809394836
0.8641800880432129
0.008064617402851582
0.0
0.9433354139328003
0.13218756020069122
0.31154343485832214
0.4299476146697998
0.19175349175930023
0.0012984770582988858
0.21321246027946472
0.0
0.024643549695611
0.5658209323883057
0.7573580741882324
0.11960956454277039
0.9751582145690918
0.099080890417099
0.31598278880119324
0.351911723613739
0.014848427847027779
0.3045633137226105
0.0036120153963565826
0.010471425019204617
2.649648522492498E-4
0.7651573419570923
0.7928542494773865
0.38796404004096985
0.39802318811416626
0.43419691920280457
0.6642235517501831
0.7922307252883911
0.999545693397522
0.0025900111068040133
0.9425639510154724
0.2078389674425125
0.9889980554580688
0.2432825267314911
0.0014386754482984543
0.0
0.019984440878033638
0.044883739203214645
0.001177488942630589
0.6464927196502686
0.030529040843248367
0.008333192206919193
0.0
7.329154759645462E-4
0.8853318691253662
0.0
0.04421120136976242
0.0
0.04926024004817009
0.14226077497005463
0.0012505515478551388
0.9943028688430786
0.004277142230421305
0.10700564831495285
0.1607987880706787
0.9934939742088318
0.0
0.31036287546157837
0.17948809266090393
0.3161505460739136
0.0
0.026409264653921127
0.1273588389158249
0.0
0.2859647870063782
0.0
0.0
0.07859564572572708
0.0
0.0
0.0
0.20249530673027039
0.031570013612508774
0.0
0.9884664416313171
0.010326474905014038
0.23757514357566833
0.2258630096912384
0.08838161826133728
0.27466341853141785
0.37566590309143066
0.0
0.1235799789428711
0.7304293513298035
0.4621213674545288
0.001141293440014124
1.2488543870858848E-4
0.06474466621875763
0.6743987798690796
0.007745956536382437
0.02257232367992401
0.9128990173339844
0.8980769515037537
0.8980769515037537
0.24895663559436798
0.7799084186553955
0.008678401820361614
0.0010967671405524015
0.07920663803815842
0.002024298068135977
0.00814292673021555
0.9604380130767822
0.9593914151191711
0.0112095195800066
0.0020519793033599854
0.6500810980796814
0.5899274349212646
0.9260121583938599
0.0
0.3568485379219055
0.4386276304721832
0.9914956092834473
0.005473688244819641
0.1806659698486328
0.03844097629189491
0.0489293709397316
0.48064807057380676
0.0
0.13926008343696594
0.7989363074302673
0.09422333538532257
0.6601150631904602
0.004736228380352259
0.7180370688438416
0.0
0.0010957213817164302
0.0021375026553869247
0.24673399329185486
0.3133198022842407
0.005288612563163042
0.0
0.010806770995259285
6.976239383220673E-4
0.28410425782203674
0.008129308000206947
8.362123626284301E-4
0.14135387539863586
0.00921565294265747
0.29889941215515137
0.9878010153770447
0.0
0.5997861623764038
0.0
0.28156453371047974
0.09118968993425369
0.5952003002166748
5.764204543083906E-4
0.06277567893266678
0.46138226985931396
0.0
0.1130736693739891
0.4020984172821045
0.11345420777797699
0.0
0.71035236120224
0.01237460132688284
0.13826940953731537
0.012526525184512138
0.020412348210811615
0.0883563682436943
0.0
0.0016061885980889201
0.6841936111450195
0.08912909030914307
0.10677160322666168
0.9188947677612305
1.3404400669969618E-4
0.08060327917337418
0.0028198363725095987
0.8286247849464417
0.6327509880065918
0.013340379111468792
4.5087048783898354E-4
0.056438516825437546
0.17095613479614258
0.0013990562874823809
0.033434804528951645
0.017907310277223587
0.8920150995254517
0.5473816990852356
0.01010094303637743
0.7884841561317444
0.4373304843902588
0.6122676134109497
0.015338624827563763
0.23611749708652496
0.006893787533044815
0.8126259446144104
0.9025521874427795
0.0017799364868551493
0.0022793973330408335
0.1968514770269394
0.31408682465553284
0.6185697317123413
0.886910617351532
0.03732435032725334
0.0
3.887065395247191E-4
0.0
0.0846588984131813
0.002630515256896615
0.3159619867801666
0.0011948983883485198
0.010833279229700565
0.042742498219013214
3.159640182275325E-4
0.2010127156972885
0.04314105212688446
0.8394555449485779
0.9894767999649048
0.017004448920488358
9.114044951274991E-4
0.0011176125844940543
0.02538290061056614
0.5877664089202881
0.26168063282966614
0.529613733291626
0.15274348855018616
0.003958689980208874
0.996812105178833
0.02395048178732395
0.1974397748708725
0.6588727235794067
0.11110354959964752
0.2009870558977127
0.9723349213600159
0.014568249695003033
0.9805114269256592
0.8781551718711853
0.9590437412261963
0.9887083172798157
0.004110976122319698
0.5862330198287964
0.004263813141733408
0.32416775822639465
0.876295268535614
0.0667387843132019
0.0667387843132019
0.4219411611557007
0.3381485939025879
0.01213697250932455
0.02600538171827793
0.11068569123744965
0.011966574937105179
0.854759693145752
0.430242121219635
0.430242121219635
0.09429900348186493
0.2629418969154358
0.9998476505279541
0.6608700752258301
0.6907203197479248
0.0025177961215376854
0.0
0.1026582345366478
0.0
0.9484583139419556
0.48012739419937134
0.015421056188642979
0.039390139281749725
0.9424961805343628
0.9470845460891724
0.9991593360900879
0.9439802765846252
0.5309696793556213
0.10888709127902985
0.5309696793556213
0.008801347576081753
0.0312751866877079
0.22069963812828064
0.11502938717603683
0.012982742860913277
0.0028793057426810265
0.8921019434928894
0.6961390972137451
0.719243049621582
0.4679587781429291
0.6660658121109009
2.5204670964740217E-4
0.14895428717136383
0.8310031890869141
0.6389253735542297
0.9679580330848694
0.006573469843715429
0.11334118247032166
0.1742757111787796
0.3124673068523407
0.00540758715942502
0.5884891152381897
0.08410640805959702
0.1554591804742813
0.0486326664686203
0.5399880409240723
0.0
0.34777340292930603
1.5005441673565656E-4
0.009922891855239868
0.9922704100608826
0.024808354675769806
0.6963054537773132
0.48795410990715027
0.08127904683351517
0.42215943336486816
0.6382078528404236
0.09735318273305893
0.856573224067688
0.2589859962463379
0.43350949883461
0.9913609027862549
0.9810286164283752
0.964098334312439
0.9799961447715759
0.0029400994535535574
8.111140341497958E-4
0.6724986433982849
0.6037244200706482
0.05877304822206497
0.7494302988052368
0.06351818889379501
0.0
0.8002992868423462
0.30208995938301086
0.002576964208856225
0.07211607694625854
0.350639671087265
0.9949259161949158
0.8814489245414734
0.7680002450942993
0.90474933385849
0.8484170436859131
0.11533459275960922
0.24273806810379028
0.7829859852790833
0.006227836478501558
0.03443780541419983
0.1643563061952591
0.06504356861114502
0.07346578687429428
0.0236522164195776
0.23667418956756592
0.8706285953521729
0.962165117263794
0.9581108689308167
0.39735788106918335
0.04054689779877663
0.06996264308691025
0.3433641791343689
0.3726624846458435
0.0839044451713562
0.4223843514919281
0.009135312400758266
0.0
0.0
0.8762270212173462
0.14880917966365814
0.0
0.49991297721862793
4.1171867633238435E-4
0.9704103469848633
0.21611759066581726
0.5110237002372742
0.9789239168167114
0.0
0.0
0.2970442473888397
0.0281844325363636
0.008998939767479897
0.07973600924015045
0.4608878493309021
0.09253636002540588
0.0
0.32360249757766724
0.5676963925361633
0.6678971648216248
0.9201586246490479
0.9273048043251038
0.6011903285980225
0.9135628342628479
0.48369401693344116
0.019760312512516975
0.98887038230896
0.6761046648025513
0.0048737796023488045
0.9891303181648254
0.023032644763588905
0.01546424813568592
0.0
0.9039855003356934
0.9365923404693604
0.002278481610119343
0.6606327891349792
0.9383871555328369
2.8361519798636436E-4
0.022590097039937973
0.9511903524398804
0.00547459302470088
0.0
0.6032940745353699
0.02631554938852787
0.9755669832229614
0.02049412950873375
0.9910455942153931
0.29610544443130493
0.04210285097360611
0.018279269337654114
0.9895327687263489
0.0
0.07305917888879776
0.06408990919589996
0.4362838864326477
0.0027591311372816563
0.782299816608429
0.6553695201873779
0.0
0.27850541472435
0.3069002628326416
0.6253125667572021
0.045971691608428955
0.04902506247162819
0.2363746613264084
0.954092264175415
0.9065331816673279
0.4596163332462311
0.027398835867643356
0.6630895137786865
0.9502652287483215
0.12321384996175766
0.02165799029171467
0.004621360916644335
0.9899673461914062
0.004026171751320362
0.6322548985481262
0.3588763177394867
0.2470407485961914
0.6470357179641724
0.9277325868606567
0.0
0.0
0.9967453479766846
0.36153310537338257
0.0873342901468277
0.3837182819843292
0.09657850861549377
0.23748794198036194
0.045268964022397995
0.9942249059677124
0.43809229135513306
0.4179765284061432
0.3173573315143585
0.45999830961227417
0.9865240454673767
0.94786137342453
0.5133955478668213
0.43499159812927246
0.8324647545814514
0.9871933460235596
0.7207398414611816
0.9870911836624146
0.9865326881408691
0.9702712297439575
0.24390201270580292
0.948849618434906
0.011010057292878628
0.00212062057107687
0.9112716913223267
0.038935206830501556
0.7678435444831848
0.9980515837669373
0.8572655320167542
0.9321587681770325
0.9176282286643982
0.9999959468841553
0.12470678240060806
0.38239508867263794
0.3781980872154236
0.9787838459014893
0.842035174369812
0.7637438178062439
0.1916542649269104
0.5622089505195618
0.4628632068634033
0.9064264297485352
0.9353744983673096
3.2886050757952034E-4
0.7976853847503662
0.9379016757011414
0.3725264370441437
0.0
0.8689618110656738
0.0030173328705132008
9.351628250442445E-4
0.024117739871144295
0.7849518656730652
0.02637777477502823
0.17869389057159424
0.03474266454577446
2.938687102869153E-4
0.0021239612251520157
0.35005462169647217
0.0
0.005067917518317699
0.008792934007942677
0.7469188570976257
0.0
0.9738595485687256
0.2029193937778473
0.0
0.024342093616724014
0.3007916212081909
9.863799205049872E-4
0.0
0.9388870000839233
0.8993227481842041
0.9741842150688171
0.9636868834495544
0.11694274842739105
0.9504810571670532
0.8007491230964661
0.8935183882713318
0.9728496074676514
0.9109545350074768
0.0074056219309568405
0.4686419367790222
0.938920795917511
0.028327783569693565
0.9537739753723145
0.0
0.1819353997707367
0.42506101727485657
0.006698770448565483
0.9389077425003052
0.5176624059677124
0.5913037061691284
0.08207143843173981
0.013305021449923515
0.9624929428100586
0.17982256412506104
0.0024789604358375072
0.3408489525318146
0.05805766582489014
0.373079776763916
0.9638556838035583
0.6862098574638367
0.38880282640457153
0.0028129888232797384
0.004015242215245962
0.10918651521205902
0.9899154305458069
0.9876289963722229
0.05728079006075859
0.1546783298254013
0.2579779624938965
0.002537537133321166
0.02324671857059002
0.5822073817253113
0.003102247603237629
0.4724445343017578
0.030837485566735268
0.24000468850135803
0.5658839344978333
0.9126847386360168
0.9888139963150024
0.00154342339374125
0.012350989505648613
0.9829835295677185
0.9352295398712158
0.013834390789270401
0.9718254208564758
0.994387686252594
0.0014857936184853315
0.0030408063903450966
0.015044772066175938
0.5410667061805725
0.0063245343044400215
0.9978557825088501
0.3965463638305664
0.8532298803329468
1.2130664254073054E-4
0.6415473818778992
0.9263923168182373
0.027548253536224365
0.0011828046990558505
0.026389745995402336
0.0
0.1435539722442627
0.9631036520004272
0.006976109929382801
0.8946861028671265
0.4347233176231384
0.0
0.0
0.08667103201150894
0.025121212005615234
0.18889839947223663
0.006152058951556683
0.1244860291481018
0.24672913551330566
0.9793257713317871
0.004480138421058655
0.9698352813720703
1.3163329276721925E-4
0.22231298685073853
0.8632380366325378
0.002137861680239439
1.6909879923332483E-4
0.0
0.0029716547578573227
0.816965639591217
0.6158910989761353
0.342121958732605
0.9942799806594849
2.891527255997062E-4
0.6908137202262878
0.006190215237438679
0.7576408386230469
0.7696943879127502
2.803968673106283E-4
0.14098918437957764
0.46334898471832275
0.0
0.0
0.0455707311630249
0.18826274573802948
0.9592664837837219
0.6240378618240356
0.40694019198417664
0.030329134315252304
0.2106880396604538
0.2210981696844101
0.33778291940689087
0.01839975081384182
0.0011251411633566022
0.9357960224151611
0.7380940914154053
0.020211821421980858
0.018651552498340607
0.004820446949452162
0.11426550894975662
2.4704134557396173E-4
0.9162038564682007
0.2148776650428772
0.958868682384491
0.04012608155608177
0.14810410141944885
0.8309735059738159
0.08784259855747223
0.8771028518676758
0.7284049391746521
0.36971643567085266
0.5367071628570557
0.9577428102493286
0.912148118019104
0.7686305046081543
0.869050145149231
0.9565569162368774
0.39883530139923096
0.0038265022449195385
0.0
0.20993250608444214
0.017760517075657845
0.5576475262641907
5.9084955137223E-4
0.8971318006515503
0.7763579487800598
0.06702452898025513
0.0
0.7864537835121155
0.22088150680065155
0.13916470110416412
0.03247574716806412
0.0
0.7625693082809448
0.07628671824932098
0.014373173005878925
0.0062510548159480095
0.07141369581222534
0.628212034702301
0.1085500717163086
0.10373309254646301
0.07845462113618851
0.3918300271034241
0.8406175971031189
0.0043859463185071945
0.3131660521030426
0.01359118614345789
0.9192073345184326
0.7510736584663391
0.474103182554245
0.2801150679588318
0.002430227119475603
0.026317495852708817
0.12615109980106354
0.3647497892379761
0.40925052762031555
0.9272255301475525
0.8392340540885925
0.025607870891690254
0.00818669144064188
0.7925363183021545
0.03341091051697731
0.005288099404424429
0.15404649078845978
0.08049018681049347
1.2740708189085126E-4
0.614154577255249
0.34772971272468567
0.0
0.8953343629837036
0.10964464396238327
0.004828587640076876
0.7707463502883911
0.0581347830593586
0.2841740846633911
0.9717993140220642
0.09365691244602203
0.002877281978726387
0.019071508198976517
0.9538103342056274
0.8261713981628418
0.11908097565174103
0.0
0.0
0.9773434400558472
0.5015137791633606
0.925682008266449
0.8768747448921204
0.977860152721405
0.9745399355888367
0.9578840732574463
0.6139127016067505
0.03616800531744957
0.02247350662946701
0.41883140802383423
0.7466295957565308
0.07319159060716629
0.01292832288891077
0.08458789438009262
0.32338330149650574
0.9818393588066101
0.10210263729095459
0.7469488382339478
0.0058740233071148396
0.889563262462616
0.2769286632537842
0.9938380718231201
0.5035696625709534
0.3152047097682953
0.41188421845436096
0.0369718037545681
0.0
0.0369718037545681
0.010363958775997162
0.045781590044498444
0.4147006869316101
0.010686567984521389
0.0
0.018371837213635445
0.744326114654541
0.13395856320858002
0.9056572318077087
0.0018897276604548097
0.5718327760696411
0.8127398490905762
3.816295356955379E-4
0.004073590971529484
0.7997777462005615
0.01855090633034706
0.0025340833235532045
0.1961025446653366
0.8987935185432434
0.6414517760276794
0.048203129321336746
0.5469866991043091
0.6567273139953613
0.004068777896463871
0.99139004945755
0.029917845502495766
0.536157488822937
0.2170773148536682
0.40227270126342773
0.5890179872512817
0.0
0.0049710520543158054
0.0017426151316612959
0.1582869440317154
0.03978287801146507
5.413927137851715E-4
0.08573444187641144
0.0
0.48160719871520996
0.07951690256595612
0.1859949231147766
0.5256094932556152
0.009153389371931553
0.005749394651502371
0.16645342111587524
0.13498833775520325
0.016793424263596535
1.5681948571000248E-4
0.20188845694065094
0.1650775671005249
0.1121988296508789
0.7427453994750977
0.12012038379907608
0.9714380502700806
0.0
0.02844219282269478
0.044906135648489
0.4774816930294037
0.28294599056243896
0.5582185387611389
0.6421941518783569
0.11421799659729004
0.05451938137412071
0.9808306694030762
0.22970637679100037
0.24601545929908752
0.9858725666999817
0.22136139869689941
0.0
0.18856103718280792
0.7325068116188049
0.9224569201469421
1.773066760506481E-4
0.46117153763771057
0.041649628430604935
0.2848931550979614
0.1399746835231781
0.9661851525306702
0.9697642922401428
0.9040190577507019
0.0
0.9584447145462036
0.1608775109052658
0.48800286650657654
0.742543637752533
3.607260587159544E-4
0.031137902289628983
0.7763529419898987
0.0037211603485047817
0.963030219078064
0.9362558722496033
0.9834019541740417
0.9150642156600952
0.10077111423015594
0.010736247524619102
0.05642946437001228
0.029321029782295227
0.9526886940002441
0.0
0.004696424584835768
0.8495319485664368
0.9945432543754578
0.10114041715860367
0.3637629747390747
0.7979103326797485
0.38955822587013245
0.005728418473154306
0.14306104183197021
0.0
3.3228512620553374E-4
0.914115309715271
0.018501555547118187
0.010585108771920204
0.9916709065437317
0.1540118008852005
0.0
0.0
0.0
0.0
0.7028220891952515
0.0015717720380052924
0.4146743416786194
0.3960215747356415
0.0062858606688678265
0.31754982471466064
0.5866146683692932
0.09977208822965622
0.0
0.0
0.8655130863189697
0.8927214741706848
0.009434728883206844
0.010712015442550182
0.15525010228157043
0.5156657099723816
0.04124394431710243
0.032237451523542404
0.0
0.27917736768722534
0.027896596118807793
0.5805635452270508
2.5705003645271063E-4
0.5018863081932068
0.0
0.19491416215896606
0.0
0.8323742747306824
0.12070915102958679
0.48988065123558044
0.5385528802871704
0.5079424977302551
0.008652305230498314
0.3514220714569092
0.8914228677749634
0.624096155166626
0.9702599048614502
0.9905359148979187
0.5483807921409607
0.7578434348106384
0.07424934208393097
0.05514204502105713
0.5738301873207092
0.7976503968238831
0.46406468749046326
0.023031819611787796
0.5293253660202026
0.9984807968139648
0.9848051071166992
0.9603563547134399
0.620205283164978
0.39077526330947876
7.924824021756649E-4
0.4854147434234619
0.5915964841842651
0.03251646086573601
0.14581015706062317
0.0654560923576355
0.0021556203719228506
1.074932879419066E-4
7.27296166587621E-4
0.9433622360229492
0.937126636505127
0.18637056648731232
0.7577537298202515
0.9982020258903503
0.0
0.08556666225194931
0.26857468485832214
0.0
0.31405341625213623
0.003938800655305386
0.6200709939002991
0.01614915393292904
0.2794407904148102
0.6793918609619141
0.9806398749351501
0.017404329031705856
0.021640848368406296
0.08244317770004272
0.116951122879982
0.004795806482434273
0.051576267927885056
0.0031006704084575176
0.03177832439541817
0.44504618644714355
0.9519937634468079
0.8186029195785522
0.05716731771826744
0.08591905981302261
0.31989890336990356
0.0264019425958395
0.09119167923927307
0.0021762102842330933
0.8122333884239197
0.13506528735160828
0.09921415150165558
0.04008396714925766
0.07541102170944214
0.9318051338195801
0.3718278706073761
0.6260274052619934
0.0287614855915308
0.9349592328071594
0.0905868262052536
0.15164490044116974
0.9349923133850098
0.06963355839252472
0.9956103563308716
0.9395015239715576
0.009502843022346497
0.3690665662288666
0.09836772829294205
0.8878558278083801
0.06699784100055695
0.0
0.6094997525215149
0.21669702231884003
0.06249234825372696
0.27049559354782104
0.04706687107682228
0.06133577972650528
0.9091004133224487
0.9091004133224487
0.9819363355636597
0.0010314712999388576
0.007490613963454962
0.6669161319732666
0.29271310567855835
0.02413390390574932
0.1434241384267807
0.5599196553230286
0.5176602005958557
0.08982609212398529
0.0014378526248037815
0.944290816783905
0.15812556445598602
0.5341827869415283
0.906931459903717
0.26769930124282837
0.023228351026773453
0.34535425901412964
0.011608468368649483
0.03524322435259819
0.16122938692569733
0.6547505855560303
0.04941464960575104
0.01385205052793026
0.06472454965114594
0.9937365055084229
0.17918071150779724
0.050777360796928406
0.8801442384719849
0.025175312533974648
0.9281765818595886
0.0
0.8192689418792725
0.020149849355220795
0.08334258198738098
0.5793453454971313
0.6890907883644104
0.9519640207290649
0.48703235387802124
0.3577336072921753
0.6661504507064819
0.6317527294158936
0.0067969271913170815
0.643794596195221
0.024073954671621323
0.026675712317228317
0.18223533034324646
0.0
0.9554810523986816
0.9657390713691711
0.9425771832466125
2.4022207071539015E-4
0.2509516179561615
0.07733139395713806
0.3359987437725067
0.0
0.10079027712345123
0.0
0.5716848969459534
0.0
2.97663442324847E-4
0.0
0.0
0.8313618898391724
0.9886642694473267
0.18239541351795197
0.4853605329990387
0.5145623683929443
0.06297016143798828
0.7847793102264404
0.37045103311538696
0.0633230060338974
0.0
0.0057496801018714905
0.0
0.6377925872802734
0.7998427748680115
0.22412236034870148
0.18060225248336792
0.004191081039607525
0.2243795543909073
0.052878811955451965
0.09351841360330582
0.5365060567855835
0.038721807301044464
0.37671124935150146
0.1541353017091751
0.8239745497703552
0.09270763397216797
0.674620509147644
0.0018164137145504355
1.4852226013317704E-4
0.21131832897663116
0.4003048539161682
0.05333982780575752
0.3295489251613617
0.31560325622558594
0.6371500492095947
0.9078196287155151
0.9174938201904297
0.9943137168884277
0.0
0.5095797777175903
0.9211909174919128
0.9564545154571533
0.06206695735454559
0.9801732301712036
0.00305048655718565
0.011264851316809654
0.0
1.6846825019456446E-4
0.9496582746505737
0.8288018107414246
0.004980678204447031
0.6830894351005554
0.9847180247306824
0.7426345348358154
0.9839075803756714
0.005980787333101034
0.12233336269855499
2.801046066451818E-4
0.0
0.7398234009742737
0.0
0.0
0.6714591383934021
0.017903650179505348
0.9680024981498718
1.668737968429923E-4
4.3778010876849294E-4
0.09577876329421997
0.03137986734509468
0.5553115606307983
0.09672237187623978
0.16240382194519043
0.9917606711387634
0.9107904434204102
0.9981715679168701
0.4649789035320282
0.10155972838401794
0.015394460409879684
0.8075171113014221
0.9000027775764465
0.43613746762275696
0.46214377880096436
0.35681602358818054
0.7981370091438293
0.07496344298124313
0.9932042956352234
6.819629925303161E-4
0.5558314919471741
0.005864670034497976
0.2787531614303589
0.2916404902935028
0.007124899420887232
0.505989134311676
0.8178801536560059
0.6869422793388367
0.12385529279708862
0.014215863309800625
0.10038071870803833
0.9980677366256714
0.4607437252998352
0.9859195351600647
0.7212905883789062
0.951053261756897
0.9231317639350891
0.02181369625031948
0.9484322667121887
0.41301077604293823
0.1650223433971405
0.2535315155982971
0.7661051750183105
0.005776610691100359
0.024756789207458496
0.12845121324062347
0.37087810039520264
0.34093260765075684
0.46820369362831116
0.030190857127308846
0.0012109620729461312
0.5160964131355286
0.3356644809246063
0.26008427143096924
0.667493999004364
0.94753098487854
0.1588239073753357
0.9781377911567688
0.7698706388473511
0.015957722440361977
0.15521803498268127
0.0
0.5858336091041565
0.0022754205856472254
0.009651821106672287
0.894529402256012
0.6367378830909729
0.02011161670088768
0.33896639943122864
0.08911552280187607
0.996117115020752
0.7273451089859009
0.7184462547302246
0.7935900688171387
0.59291011095047
0.9561532735824585
0.0
0.18161089718341827
0.8957716226577759
0.9365094900131226
0.5896974802017212
0.9947154521942139
0.8458959460258484
0.4189727306365967
0.9574469923973083
0.0049417102709412575
0.021867644041776657
0.290200412273407
0.6827454566955566
0.43165966868400574
0.4947223961353302
0.12222167104482651
0.5800629258155823
0.9782055020332336
0.21905536949634552
0.0
0.0
0.4285835027694702
0.10863185673952103
0.02361171506345272
0.11209452152252197
0.12250186502933502
0.07659391313791275
0.25742223858833313
0.025268496945500374
0.567072331905365
0.006988570559769869
0.021460723131895065
0.9734728336334229
0.8388237357139587
0.05267748981714249
0.9659543633460999
0.886806845664978
0.188460111618042
0.01584002934396267
0.7528135180473328
0.5165295004844666
0.5309712290763855
0.024325022473931313
0.18974930047988892
0.2364228516817093
0.996475338935852
0.9644263386726379
0.008905884809792042
0.49905917048454285
0.20241044461727142
0.5354357957839966
0.0
0.002931736409664154
0.062182750552892685
0.9340235590934753
0.498977929353714
0.9272347092628479
0.7187806367874146
0.6156778931617737
0.5738043189048767
0.6336444616317749
6.803509895689785E-4
0.18599751591682434
0.0
0.04618105664849281
0.0
0.9231049418449402
3.374907246325165E-4
0.43434083461761475
3.2036122865974903E-4
0.5334993004798889
0.03345683962106705
0.25389352440834045
0.5650939345359802
0.04814852774143219
0.47164684534072876
0.002568974858149886
0.38655564188957214
0.7739701867103577
0.007129112724214792
9.112575207836926E-4
0.7626839280128479
0.23079392313957214
0.31746962666511536
0.2973190248012543
0.004137743730098009
0.0011979190167039633
0.2986449897289276
0.1759086549282074
0.4291236698627472
0.0017444842960685492
0.03539380431175232
0.8408634066581726
0.5515106916427612
0.7351776957511902
0.22749607264995575
0.0731952115893364
0.05199865996837616
0.08916806429624557
0.28080445528030396
0.057444848120212555
0.0
0.33033475279808044
0.15063036978244781
0.9738100171089172
0.07517561316490173
0.9592872858047485
0.12158184498548508
0.00851462036371231
0.023075489327311516
0.30371537804603577
0.9773026704788208
0.9766514301300049
0.020069055259227753
0.9947207570075989
0.9942161440849304
0.008220488205552101
0.16622504591941833
0.8665915131568909
0.8703502416610718
0.4306487739086151
0.1472432017326355
0.991418182849884
0.04443051666021347
0.8223560452461243
0.14142388105392456
0.04694735258817673
0.5897053480148315
0.9836185574531555
0.5262936949729919
0.036601822823286057
0.3522520661354065
0.05840657278895378
0.01499059610068798
0.12566843628883362
0.054019995033741
0.25637778639793396
0.07242115586996078
8.653583936393261E-4
0.3794398605823517
0.2274489551782608
0.10111714154481888
0.9574318528175354
0.518862783908844
0.0013100398937240243
0.9447973370552063
0.0865907296538353
0.7626269459724426
0.12805916368961334
0.043533455580472946
6.949706585146487E-4
0.672667920589447
0.00545604107901454
0.7035535573959351
0.20533695816993713
0.3505920171737671
0.7298945188522339
0.06396755576133728
0.8203838467597961
0.0
0.07457365095615387
0.43244999647140503
0.8787285685539246
0.13697275519371033
0.3514191210269928
0.2012072652578354
0.7286585569381714
0.9695279598236084
0.0014543691650032997
0.8642768859863281
0.046309903264045715
0.7283903360366821
0.4824312925338745
0.989317774772644
0.9997766613960266
2.636126009747386E-4
0.3825603425502777
0.9048422574996948
0.04354584962129593
0.0
0.22752636671066284
0.7984344959259033
0.3518429398536682
0.7153014540672302
0.9961311221122742
0.062177326530218124
0.3986165225505829
0.015957050025463104
0.6507568359375
0.24872687458992004
0.900124728679657
0.09833899885416031
0.7175258994102478
0.01001930795609951
0.32418832182884216
0.2080329954624176
0.5528764724731445
0.0017768789548426867
0.09018401801586151
0.927588701248169
0.057770516723394394
0.4703165292739868
0.7184814810752869
0.5211132168769836
0.8903428316116333
0.0
0.00888492539525032
0.3108595609664917
0.0657220408320427
0.200990229845047
0.870387613773346
0.9095705151557922
5.690518883056939E-4
0.0
0.003642797702923417
0.17166508734226227
0.6409701108932495
0.544538140296936
0.11898243427276611
0.28511977195739746
0.18330977857112885
0.0053286016918718815
0.3489837646484375
0.26379135251045227
0.28493332862854004
0.25920435786247253
1.1653870024019852E-4
0.3219863772392273
0.4845426678657532
0.027630476281046867
0.4224119782447815
0.8278612494468689
0.053197573870420456
0.061971016228199005
0.2856822907924652
0.08427632600069046
0.94773930311203
0.2946065664291382
0.006932947784662247
0.02589801885187626
0.2166597992181778
3.917087451554835E-4
0.8593881726264954
0.26134544610977173
0.01754528097808361
0.1333809643983841
0.5560356378555298
0.7138959765434265
0.027827167883515358
3.6380841629579663E-4
0.8346226811408997
0.9585182666778564
0.1279013603925705
0.7780552506446838
0.18305650353431702
0.14814120531082153
0.883249044418335
0.01165252085775137
0.6691833138465881
0.9769993424415588
0.8319673538208008
0.5682834982872009
0.9932530522346497
0.1734631061553955
0.20393696427345276
0.46164876222610474
0.13711176812648773
0.004719449672847986
0.9079555869102478
0.9689046144485474
0.9868365526199341
0.7079721689224243
0.34612077474594116
0.9187594056129456
0.0074589550495147705
0.9511688351631165
0.0014385957038030028
0.14753937721252441
0.9692607522010803
0.8068118691444397
0.3529568910598755
0.16770537197589874
0.09263937175273895
0.44642695784568787
0.0023967346642166376
0.0
0.553750216960907
0.602400004863739
0.0
0.553750216960907
0.9957295656204224
0.0775737389922142
0.007728902157396078
0.0
0.9056392908096313
0.8938071131706238
0.7317199110984802
0.005726058501750231
9.587811073288321E-4
0.059808921068906784
0.027990512549877167
0.914858341217041
0.7940593957901001
0.7704561352729797
0.25140345096588135
0.03278262913227081
0.36595943570137024
0.4118778109550476
0.0032421632204204798
0.0025160368531942368
0.2749350368976593
0.11155832558870316
0.0028900171164423227
0.8302682042121887
0.29570096731185913
0.24598059058189392
0.9932501316070557
0.04558137059211731
0.007954087108373642
0.0
0.7694002389907837
0.14530609548091888
0.01070342492312193
0.0
0.2448890656232834
0.9923175573348999
0.6461170315742493
0.0010620582615956664
0.011428588069975376
0.7553929090499878
0.0021895088721066713
0.5680713653564453
0.2598477602005005
0.45584920048713684
0.029781319200992584
0.5211217999458313
0.4906488060951233
0.8656190037727356
0.02713632956147194
0.8962949514389038
0.9377548694610596
0.7620557546615601
0.00694614090025425
0.0827946588397026
0.02377171814441681
0.0015231133438646793
0.27041250467300415
0.6094534397125244
0.4056822657585144
0.42141464352607727
0.047291871160268784
0.931003987789154
0.0024894585367292166
0.0
0.23275138437747955
0.9970214366912842
0.7627066969871521
0.31641891598701477
0.5044518709182739
0.0
0.6794842481613159
0.002604890614748001
0.7480574250221252
0.990313708782196
4.719134885817766E-4
0.6586481332778931
0.3789445757865906
0.439016193151474
0.9241980314254761
0.0011254382552579045
0.04945724457502365
0.444204717874527
0.006274581886827946
0.9802098274230957
0.10636593401432037
0.2207900583744049
0.9889874458312988
0.007523403037339449
0.0042207553051412106
0.8550737500190735
0.15492641925811768
0.008533933199942112
0.006379107013344765
0.7462415099143982
0.1776382476091385
0.0
0.0
0.9555134177207947
0.8336409330368042
0.001398772932589054
0.9981198906898499
0.9998210668563843
0.0012162516359239817
0.31962132453918457
0.013870010152459145
0.0049422080628573895
0.533909022808075
0.9402660727500916
0.8406392335891724
0.7599007487297058
0.44834694266319275
0.0020965030416846275
0.012247158214449883
0.437588095664978
0.09957364946603775
0.014009593054652214
0.10671524703502655
0.8965446949005127
0.018981052562594414
0.5361949801445007
0.8197972774505615
0.8275400400161743
0.0032321116887032986
0.548662543296814
0.3701847195625305
0.05233043059706688
2.5456605362705886E-4
0.21479469537734985
0.002047755988314748
0.05362984165549278
0.11538786441087723
0.013380675576627254
0.36090970039367676
0.6581089496612549
0.9780660271644592
6.936226855032146E-4
0.6315187215805054
0.07898072153329849
0.048602569848299026
0.3224228620529175
0.0
0.15065990388393402
0.23058660328388214
0.03366662189364433
0.7218606472015381
1.2186264939373359E-4
0.0021181334741413593
0.001233450835570693
0.3641737103462219
0.5172455906867981
0.7206868529319763
0.2826637327671051
0.9572150111198425
0.11352455615997314
0.9989054203033447
0.17200127243995667
0.8984583020210266
0.6874023675918579
0.41147032380104065
0.4006864130496979
0.0399840772151947
0.9830132722854614
0.884868323802948
0.3998720347881317
0.6631445288658142
0.5949053764343262
0.6860456466674805
0.0034007083158940077
0.1104734018445015
0.6399183869361877
0.01156243123114109
0.21476176381111145
0.7119637727737427
0.4715617299079895
0.09343214333057404
0.418265700340271
0.8081607818603516
0.049361858516931534
0.05767720192670822
0.019043374806642532
0.20113220810890198
0.04894227534532547
0.6168745756149292
0.9641729593276978
0.5678731203079224
0.0012254565954208374
9.787477320060134E-4
0.04824066534638405
0.6456426382064819
0.6007778644561768
6.385355372913182E-4
3.346585144754499E-4
0.1621941775083542
2.956485259346664E-4
0.0
0.01854693330824375
0.005619690287858248
0.8661741018295288
0.9780466556549072
0.6186536550521851
0.42268162965774536
0.1420360803604126
0.996344804763794
0.08389204740524292
0.0
0.30277204513549805
0.09368237107992172
0.02332577109336853
0.3338139057159424
0.36421582102775574
0.15826848149299622
0.16215595602989197
0.4322572350502014
0.2517017126083374
1.0111618030350655E-4
0.05669621005654335
0.6410227417945862
0.8987227082252502
0.020526830106973648
0.4407128393650055
0.0
0.3692833483219147
0.01584605500102043
0.0
0.0
0.965217113494873
0.312418133020401
0.2877469062805176
0.0387226901948452
0.7121167182922363
0.23459525406360626
0.019770869985222816
0.34830760955810547
0.0
0.8730327486991882
0.3892032504081726
0.020720025524497032
0.16939690709114075
0.976006805896759
0.7197225689888
0.30911603569984436
0.8626580834388733
0.0
0.7243717312812805
0.14372670650482178
0.2305987924337387
0.05436774343252182
0.030136141926050186
0.0
0.0016769603826105595
2.682018675841391E-4
0.0
0.036791205406188965
1.4654279220849276E-4
0.926621675491333
0.9853171110153198
0.3283608853816986
0.002111416310071945
0.014670572243630886
0.004963836167007685
0.0020263614133000374
0.16637298464775085
0.0751478523015976
0.05528106167912483
0.797305703163147
0.747015118598938
0.41345492005348206
0.04109765589237213
0.17363055050373077
0.1357138305902481
0.00896507129073143
0.06634297221899033
0.8044164180755615
0.9770495891571045
0.6426258683204651
0.29323992133140564
0.9886362552642822
0.26589709520339966
0.11846133321523666
0.014872344210743904
0.12966829538345337
0.12683524191379547
0.0
1.7546795425005257E-4
0.9521332383155823
0.1391104757785797
0.9959495067596436
0.007015225011855364
0.023918744176626205
0.11612813919782639
0.09195146709680557
0.003942325245589018
0.9241330623626709
0.06085982918739319
0.025904498994350433
0.8387607336044312
0.12857334315776825
0.9339812994003296
0.13242153823375702
0.3410572409629822
0.7210752964019775
0.6835328340530396
0.15354657173156738
0.011267398484051228
0.8755912184715271
0.017422381788492203
0.8119121193885803
0.08388970792293549
0.6006656289100647
0.7621024250984192
0.024318944662809372
0.2592484652996063
0.08360278606414795
0.3478817641735077
0.6772409081459045
0.5046034455299377
0.40689733624458313
0.0
0.4208810329437256
0.0017237556166946888
0.09871000051498413
0.5696012377738953
0.386966347694397
0.08673419058322906
0.8465442657470703
0.023193545639514923
5.198411527089775E-4
0.5306273102760315
0.0029877610504627228
0.008863337337970734
0.0012151016853749752
0.6421370506286621
0.8247316479682922
0.8666790127754211
0.8386828303337097
0.014485794119536877
0.15794020891189575
0.01079303678125143
0.8303625583648682
0.17005884647369385
0.018415074795484543
0.0018046635668724775
0.08283273875713348
0.12112679332494736
0.005240476690232754
0.40064024925231934
0.04619716480374336
0.07971078902482986
0.002749659353867173
0.2613705098628998
0.4740974009037018
0.9061566591262817
1.6781083832029253E-4
0.036877114325761795
0.03047691471874714
0.1375601887702942
0.9685481786727905
0.9685481786727905
0.6225566864013672
0.0
0.30042165517807007
0.5137722492218018
0.22391802072525024
0.997207522392273
0.10679224133491516
0.021233581006526947
0.17679011821746826
0.9911394119262695
0.9623250961303711
1.3205291179474443E-4
0.0
0.0
0.008925282396376133
0.8406310081481934
0.7061821222305298
0.007293863222002983
0.8362210988998413
0.21540065109729767
8.606492774561048E-4
0.039228688925504684
0.33855587244033813
0.010355024598538876
0.057118114084005356
0.8050646781921387
0.2927870750427246
0.6704613566398621
0.7283610105514526
0.3029085397720337
0.48955821990966797
0.0
0.3166915476322174
0.9865086674690247
0.3209398686885834
0.0026047956198453903
0.0
0.04307734593749046
0.11473574489355087
0.010407613590359688
0.15448230504989624
0.9943922758102417
0.37575897574424744
0.11870288103818893
0.8694005608558655
0.48174282908439636
0.8694005608558655
0.9369704723358154
0.08764024823904037
0.012992707081139088
0.5951989889144897
0.08473408222198486
0.7179931998252869
0.06211894750595093
0.005087655037641525
0.4504832327365875
0.03763341158628464
0.7983276844024658
0.12539903819561005
0.12662027776241302
0.39849841594696045
0.004862998612225056
0.022283285856246948
0.9386259317398071
8.178101270459592E-4
0.04137060046195984
0.0011254209093749523
0.8610568642616272
0.5241491794586182
0.0
0.0032235030084848404
0.001755181816406548
2.0854236208833754E-4
0.31781715154647827
0.10127275437116623
0.6014598608016968
0.0026237780693918467
0.03486257418990135
0.0
0.5225253105163574
0.32612112164497375
0.996738851070404
0.1390954703092575
0.23073293268680573
0.5504493117332458
0.7798057794570923
0.06368178129196167
0.010320463217794895
0.7774261236190796
0.21231460571289062
0.2386140674352646
0.054432567209005356
0.7767735719680786
0.7305450439453125
0.9859279990196228
0.22048185765743256
0.047378771007061005
0.026848698034882545
0.009091517888009548
0.016129959374666214
0.34780141711235046
0.04139730706810951
0.24652712047100067
0.9034809470176697
0.4244607090950012
0.0027627134695649147
0.01514930184930563
0.42764201760292053
0.026478160172700882
0.6999910473823547
0.3602898120880127
0.6814033389091492
0.012799623422324657
2.4168784148059785E-4
0.9460269212722778
0.17192022502422333
0.41894933581352234
0.4801693558692932
0.0
8.301992784254253E-4
0.0035574871581047773
0.0
0.0
0.5817765593528748
0.004406072199344635
0.008527417667210102
0.011267917230725288
0.011436259374022484
0.0032881738152354956
0.05158592760562897
0.34346726536750793
0.9931007623672485
0.9621923565864563
0.02112147957086563
0.9452168345451355
0.0
0.16740988194942474
0.03731216862797737
0.0010673870565369725
0.03201647475361824
0.0
0.7095386385917664
0.07963837683200836
0.15708112716674805
0.734245777130127
0.9345714449882507
0.507707953453064
0.04688028246164322
0.039812225848436356
0.008239609189331532
0.04531553015112877
0.06966845691204071
0.11558705568313599
4.640225088223815E-4
0.2604373097419739
0.03193267807364464
0.9315508604049683
0.44416555762290955
0.2441559135913849
0.002865027403458953
0.0
0.0020253018010407686
0.07136421650648117
0.9731512069702148
0.037949174642562866
0.15736109018325806
0.6060252785682678
0.13579198718070984
0.03493161499500275
0.6424552798271179
0.0015581208281219006
0.01907634548842907
0.012994660995900631
0.0
0.2005864530801773
0.6388957500457764
0.0022270025219768286
0.31421011686325073
0.018290406093001366
0.6586484313011169
0.8044813275337219
0.0
0.05400139093399048
0.0
0.1975667029619217
0.595587432384491
0.020737027749419212
0.0
0.23198767006397247
0.007057783659547567
0.9880948662757874
0.004084783140569925
0.22650593519210815
4.511545703280717E-4
0.0
0.036074962466955185
0.11459389328956604
0.30475637316703796
0.06330245733261108
0.2307489514350891
0.0
0.007316377013921738
0.8128976821899414
0.0
0.9987121820449829
0.9971728324890137
0.7457606196403503
0.0
0.576672375202179
0.9270205497741699
0.004301845096051693
0.9476118087768555
0.5113879442214966
0.35839128494262695
0.014823921024799347
0.15391404926776886
0.1896897554397583
0.010154597461223602
0.13221894204616547
0.12137782573699951
0.004295520018786192
0.0
0.14648441970348358
0.7470735311508179
8.541733841411769E-4
0.5060589909553528
0.3126956820487976
0.9029309153556824
0.02373676560819149
0.15370628237724304
0.9462989568710327
0.8798249363899231
0.21749702095985413
0.8041190505027771
0.021973799914121628
0.0
0.0
0.6881188750267029
0.02244993858039379
0.044720981270074844
0.8038999438285828
0.8617531061172485
0.7253555059432983
3.881784505210817E-4
0.0016397557919844985
1.527187996543944E-4
0.6542196273803711
0.11253876239061356
0.0
0.005932268686592579
0.8102434277534485
0.5336771011352539
0.04820551723241806
0.9710626602172852
0.49963459372520447
0.002820343477651477
0.002499193884432316
0.17492151260375977
0.4935991168022156
0.011871064081788063
0.06106797978281975
0.0
0.6673539280891418
0.09506338834762573
0.3463800847530365
0.0
0.15599499642848969
0.0350654236972332
0.7586265802383423
0.19774304330348969
0.03397181257605553
0.020508302375674248
0.9512014389038086
0.7351365685462952
0.9384404420852661
0.32852521538734436
0.00638784933835268
0.14937874674797058
0.05171029642224312
0.0632532611489296
0.0
0.9728694558143616
0.621098518371582
0.1319350004196167
0.05507832393050194
0.1519935131072998
0.036632876843214035
0.009858469478785992
9.242833475582302E-4
0.7763879895210266
0.2600387632846832
0.0
0.15004393458366394
0.8125299215316772
1.8039054702967405E-4
0.9492339491844177
0.7528827786445618
0.0
0.0
0.48542481660842896
0.003243513172492385
0.6947731971740723
0.049404460936784744
0.0038454129826277494
1.423224457539618E-4
0.02477920800447464
0.0
0.2025572955608368
0.004078934900462627
0.7490886449813843
0.7490886449813843
0.9930294156074524
0.22590255737304688
0.0
0.002579587046056986
0.01688692532479763
0.18770523369312286
0.042285799980163574
0.012214831076562405
0.0023521706461906433
0.0026795733720064163
0.5563331246376038
0.0017225369811058044
0.9993240237236023
0.415337473154068
0.0038772437255829573
0.5831827521324158
0.9956333041191101
0.7090134024620056
0.7186321020126343
0.1345873475074768
0.0
0.041383396834135056
1.1068186722695827E-4
0.07639934867620468
0.7970066070556641
0.0
0.8628790974617004
0.8261557817459106
0.22670474648475647
0.918615996837616
0.005043250974267721
0.168946772813797
0.12216491252183914
5.688759265467525E-4
0.0
0.002574652200564742
0.1133437380194664
0.536749005317688
0.1252569556236267
0.9972651600837708
0.8574163317680359
0.04068354144692421
0.0
0.9907236695289612
0.5754086375236511
0.03054470755159855
0.6159451603889465
0.010556248016655445
0.0
0.10548678040504456
0.0072247679345309734
0.22701410949230194
0.14030295610427856
0.3016982674598694
0.6744138598442078
0.8525645732879639
0.4013955295085907
0.08096717298030853
0.6440404653549194
0.7100557684898376
0.8645321726799011
0.10699787735939026
8.834068430587649E-4
0.8070839047431946
0.24595607817173004
0.6700866222381592
0.1266905963420868
0.2627539038658142
0.456708699464798
0.10887717455625534
0.3107951879501343
0.017622971907258034
0.015086252242326736
0.6195921897888184
0.12256933748722076
0.017267370596528053
0.0
0.7121153473854065
0.816827654838562
0.6177797317504883
0.09505903720855713
2.188602084061131E-4
1.4010918675921857E-4
0.07373499125242233
0.002435134258121252
0.24635423719882965
0.021823052316904068
0.12447511404752731
0.09713076055049896
0.6296114325523376
0.9999973773956299
0.017562292516231537
0.9999976754188538
0.9999978542327881
0.1572330743074417
0.18107007443904877
0.10550277680158615
0.10372230410575867
0.9572464227676392
0.6309272646903992
0.2978408634662628
0.7215043902397156
0.0029573184438049793
0.0
0.8592108488082886
0.4995800852775574
0.6314293742179871
0.08210396766662598
0.9224028587341309
0.45498764514923096
0.011010761372745037
0.34306687116622925
0.0
4.549414152279496E-4
0.8560304641723633
0.3133855164051056
0.5246537923812866
0.44569334387779236
0.7795799374580383
0.21885515749454498
0.0
0.018651967868208885
3.016064874827862E-4
0.0
0.016620393842458725
0.8794591426849365
3.541040059644729E-4
0.561360776424408
0.8222872614860535
0.5750664472579956
0.10702087730169296
0.800116240978241
0.9272505640983582
0.011304345913231373
0.1965484321117401
0.45065948367118835
0.08062975108623505
0.001887054881080985
0.007536319084465504
0.989277184009552
0.8656570315361023
0.0716710016131401
0.2880842089653015
0.9487770199775696
2.1152515546418726E-4
0.5008910894393921
0.0
0.004347042180597782
0.24390427768230438
0.03338485583662987
0.006785409525036812
0.5412953495979309
0.9655001163482666
0.9827397465705872
0.00913817249238491
0.4139261245727539
0.1906633824110031
0.2813340723514557
0.660488486289978
0.00904024112969637
0.4365978240966797
0.010121862404048443
0.6461029648780823
0.03754900395870209
0.8696375489234924
0.11643198132514954
2.907280868384987E-4
0.001174324657768011
0.049008551985025406
0.611945390701294
0.2714764177799225
0.951167106628418
0.66526198387146
0.017205815762281418
0.23929625749588013
0.0076087601482868195
0.04148900881409645
0.4872453510761261
0.9097540974617004
0.9254934191703796
0.9219159483909607
0.7813154458999634
0.008913497440516949
0.009307042695581913
0.8036482930183411
0.6172399520874023
4.923767410218716E-4
0.6180667877197266
0.9957220554351807
0.9202547669410706
0.895483136177063
0.36484095454216003
0.19780653715133667
0.3967653810977936
0.24394667148590088
0.56015545129776
0.0060433982871472836
0.015114977955818176
0.014481167308986187
0.7986541390419006
0.0
0.0
0.9954224228858948
0.434956818819046
0.07532297074794769
0.007120335474610329
0.0
0.601941704750061
0.011134921573102474
0.2961191236972809
0.5298414826393127
0.32632941007614136
0.8991264700889587
0.3794243037700653
0.022643743082880974
0.012103796005249023
0.1397085189819336
0.6020642518997192
0.8023213148117065
0.030917072668671608
0.7831069827079773
0.7776204943656921
0.14873266220092773
0.7251291871070862
0.3059455454349518
0.016102945432066917
0.888816773891449
0.9648131132125854
0.0015369623433798552
0.874796986579895
0.8637086749076843
0.09400556981563568
0.8395951986312866
0.8358620405197144
0.9897277355194092
0.10506009310483932
0.9538795351982117
2.9228912899270654E-4
7.48690334148705E-4
0.0
0.22857250273227692
0.06775157898664474
0.011834555305540562
0.07250683009624481
0.923204779624939
0.0
0.019759709015488625
0.0
0.14701798558235168
0.3604854643344879
0.22128230333328247
0.0
0.8846299052238464
0.11196945607662201
0.6512718796730042
0.9998944401741028
0.003074103267863393
0.006750545464456081
0.979591429233551
0.45203614234924316
0.0
0.0
2.6004071696661413E-4
0.08698288351297379
0.0
0.0
0.9924598336219788
0.021922457963228226
0.003052355954423547
0.06063326820731163
0.8986860513687134
0.01891513355076313
0.003387484233826399
0.0
0.0
0.9115691184997559
0.0
0.12375979870557785
0.02105695754289627
0.0
0.1688542366027832
0.10977113991975784
0.0012995344586670399
3.3884693402796984E-4
0.06608850508928299
0.9098045825958252
1.5004856686573476E-4
0.0065457941964268684
0.36477601528167725
0.011210309341549873
0.0
0.026145439594984055
0.3664374053478241
0.8312509655952454
1.8266118422616273E-4
0.045699167996644974
0.08090126514434814
0.9968461990356445
0.9541783332824707
0.29924261569976807
0.006022398825734854
0.004458435345441103
0.9918074011802673
0.5081233978271484
0.19008058309555054
0.030017387121915817
0.42413997650146484
0.4758392870426178
0.37636929750442505
0.03207424283027649
0.027954624965786934
0.0
0.19320565462112427
0.1900443732738495
0.004166834056377411
0.049470964819192886
0.3940461575984955
0.0043003554455935955
0.2539624571800232
0.06101982668042183
0.01803184673190117
0.31105008721351624
0.0
0.22609496116638184
0.05570195987820625
6.070705130696297E-4
0.8940919637680054
0.07191910594701767
0.3011777400970459
0.16141091287136078
0.22498230636119843
0.14605703949928284
0.0
0.5151578187942505
0.9703806042671204
0.6960878968238831
0.8203079700469971
0.5684488415718079
0.0013356403214856982
0.0
0.8771411776542664
0.8189945220947266
0.0
0.0016039719339460135
0.028838586062192917
0.9792296886444092
0.6048550009727478
0.8543054461479187
0.9199087619781494
0.24202413856983185
0.8651763796806335
0.5687711238861084
0.9389353394508362
0.048436153680086136
0.368572473526001
0.02379494532942772
0.4749724566936493
0.7012010812759399
0.49391621351242065
0.5326260924339294
0.6842389702796936
0.05517923831939697
0.28025197982788086
5.755918682552874E-4
0.09262734651565552
0.06271537393331528
0.6772827506065369
0.8043248653411865
0.012697722762823105
0.049278002232313156
0.0513455793261528
0.9126605987548828
0.4836163818836212
0.978238046169281
0.2858634293079376
0.6665514707565308
0.948089063167572
0.19766296446323395
0.12001514434814453
0.6955799460411072
0.10772976279258728
0.3181813955307007
0.4296542704105377
0.14388838410377502
1.1022837134078145E-4
0.9764187335968018
0.1661321222782135
0.18368680775165558
0.0
0.28474825620651245
0.25426629185676575
0.008940245024859905
0.8529539704322815
2.105504390783608E-4
0.7794893980026245
0.14490605890750885
0.8142684698104858
0.09520159661769867
0.25572729110717773
0.9447641968727112
0.11673063039779663
0.032518547028303146
0.8820385932922363
0.02293391153216362
0.008813491091132164
0.5186805129051208
0.8755814433097839
0.04418681934475899
0.6308838725090027
5.604469915851951E-4
0.0
0.5661090016365051
0.4611409604549408
0.15069620311260223
0.9971485733985901
0.9318116307258606
0.9999375939369202
0.0
0.0
0.07968258857727051
0.6753758192062378
0.12569889426231384
0.0113277118653059
0.15711823105812073
6.040444131940603E-4
0.1502377986907959
0.9536284804344177
0.6164491176605225
0.4794863164424896
0.050631750375032425
0.23311397433280945
0.9532036781311035
0.9970817565917969
0.4796208441257477
0.8968738317489624
0.8035309910774231
0.7094594836235046
0.4520992338657379
0.7797171473503113
0.8078062534332275
0.490151971578598
0.02623496577143669
6.07102585490793E-4
0.5636880397796631
0.7481346130371094
0.872403085231781
0.47360795736312866
0.26104453206062317
0.23461131751537323
0.8478410243988037
0.0015122971963137388
0.3633367121219635
0.03280125558376312
0.09074053913354874
0.9117032289505005
2.398890646873042E-4
0.020276863127946854
0.004693693947046995
0.999517023563385
0.9690578579902649
0.9892842173576355
0.9898849129676819
0.9925377368927002
0.5236543416976929
0.06041543185710907
0.3584575057029724
0.001995641738176346
4.8344876267947257E-4
0.4444884955883026
0.3970508575439453
0.7172694206237793
0.039210956543684006
0.6016950011253357
0.04321069270372391
0.8611440062522888
0.7720393538475037
0.0052298870868980885
0.5715893507003784
0.008970564231276512
0.9655619263648987
0.42426520586013794
0.684679388999939
0.0014321963535621762
0.005341340322047472
0.0
0.0
0.2861206829547882
0.15531285107135773
0.9801207184791565
0.8375926613807678
0.4201188385486603
0.709278404712677
0.7118619084358215
0.7020446062088013
0.7081558704376221
0.7069008350372314
2.2427579096984118E-4
0.6974871158599854
0.997279167175293
0.22133712470531464
0.044602978974580765
0.12858247756958008
0.9677450060844421
0.3664249777793884
0.862963080406189
0.0024504344910383224
0.9889885187149048
0.0011613334063440561
0.24951711297035217
0.8144193291664124
0.009305067360401154
0.2562146782875061
0.6451867818832397
0.25044047832489014
0.21231664717197418
0.7800904512405396
0.22844748198986053
0.10418778657913208
0.3752708435058594
0.8900662064552307
0.6433539986610413
0.06831113994121552
0.7929801940917969
0.02857900783419609
0.9426529407501221
0.5752545595169067
0.03176003322005272
0.18327325582504272
0.05461972951889038
0.07675179094076157
0.6877578496932983
0.027440667152404785
0.19994139671325684
0.1771063208580017
0.36752593517303467
0.9425826072692871
0.8587802648544312
0.0
0.005633754190057516
0.08767806738615036
0.4889237880706787
0.0
0.061295028775930405
0.0022236278746277094
0.553217887878418
0.8044523000717163
0.0
0.5152093768119812
0.1571771502494812
0.008030708879232407
0.9914496541023254
0.9980648159980774
0.20872630178928375
0.00423123175278306
0.029395820572972298
2.4515704717487097E-4
0.017601627856492996
0.0499366857111454
0.001215125317685306
0.1031436175107956
0.007380294147878885
0.005182991269975901
0.03194568306207657
0.4036708474159241
0.9973416328430176
0.34416675567626953
0.9687964916229248
0.03730311989784241
0.21568332612514496
0.8563199043273926
0.5487177968025208
0.9053237438201904
0.0021667827386409044
0.09346573799848557
0.016940215602517128
0.007914187386631966
0.37822243571281433
0.14929693937301636
0.9317671060562134
0.028482578694820404
0.0015029319329187274
0.14485187828540802
0.6426893472671509
0.2571367621421814
0.0
0.3224337100982666
0.0
0.10270673781633377
3.387939650565386E-4
0.8786635994911194
1.8126990471500903E-4
0.0026326379738748074
3.064268676098436E-4
0.41201356053352356
0.4645412862300873
0.9535363912582397
0.0801117792725563
0.9923843145370483
0.043158724904060364
0.803921103477478
0.0036504503805190325
0.49441954493522644
0.07266007363796234
0.22367820143699646
0.9983959197998047
0.853674054145813
0.02160622552037239
0.9058264493942261
0.13419358432292938
0.7076950073242188
0.014896774664521217
0.47163504362106323
0.760692834854126
0.0
1.450988493161276E-4
2.7846265584230423E-4
0.1617482602596283
0.0015365220606327057
0.9922685027122498
0.9985409379005432
0.5395902991294861
0.10254739969968796
0.9680370092391968
0.06236039102077484
0.61800616979599
0.401930034160614
0.17668086290359497
0.03668876737356186
0.9978846311569214
0.08099064230918884
0.008515759371221066
0.01887112855911255
0.33541107177734375
0.039304282516241074
0.038266997784376144
0.7475394606590271
0.3244078457355499
0.43200114369392395
0.9579685926437378
0.9589249491691589
4.0110156987793744E-4
0.3953739106655121
0.8282391428947449
0.6070001125335693
0.1542554497718811
0.3545573651790619
0.23618364334106445
0.30074912309646606
0.21234510838985443
0.33046767115592957
0.004264358896762133
0.851158857345581
0.2686287462711334
0.2603492736816406
0.06416656076908112
0.0
0.0
0.48094692826271057
0.9475059509277344
0.06427197903394699
0.0
0.03816242888569832
0.7701179385185242
0.0867382287979126
0.1963070034980774
0.6668837666511536
0.9543324112892151
0.47767457365989685
2.984498569276184E-4
0.04349596053361893
0.7847443222999573
0.893835186958313
0.3246709108352661
0.017144249752163887
0.912676990032196
0.011109338141977787
0.9542906284332275
0.46535390615463257
0.05246787518262863
0.08996026962995529
0.0
0.2787248492240906
1.4359239139594138E-4
0.0
0.925575315952301
0.7589206099510193
0.6590304970741272
0.7332156896591187
0.9814286828041077
0.6682285070419312
0.05847105756402016
0.9415525197982788
0.012675979174673557
0.05987425148487091
2.033525670412928E-4
0.14748157560825348
0.04629790782928467
0.8626609444618225
0.14661993086338043
0.7773144841194153
0.6962085962295532
0.5154159069061279
0.06575807929039001
0.5083688497543335
0.2784745991230011
9.867812041193247E-4
0.9361439347267151
0.969882607460022
0.4804876148700714
0.10910867154598236
0.21215561032295227
0.8929612636566162
0.15021276473999023
0.0019718268886208534
0.2530297636985779
0.19523826241493225
0.8704920411109924
0.9585134387016296
0.9060962200164795
0.07513278722763062
0.5402402281761169
0.08625737577676773
0.962062656879425
0.5447341203689575
0.023655815050005913
0.8826870918273926
0.021041128784418106
0.7830758690834045
0.2595488131046295
0.19080661237239838
0.014060423709452152
0.05473143234848976
0.0011157008120790124
0.1440879851579666
0.0016914007719606161
0.9046410322189331
0.4528348445892334
0.9461462497711182
0.7357900738716125
0.002909229137003422
0.997145414352417
0.09508351236581802
0.1574305146932602
0.9584721922874451
0.5975711345672607
0.3155338168144226
0.15535303950309753
0.2513597905635834
0.0102611118927598
0.04141803830862045
7.348312647081912E-4
0.8594086170196533
0.10565364360809326
4.4215627713128924E-4
0.8707782030105591
0.6831493973731995
0.004880893975496292
0.3153218626976013
0.21516558527946472
0.26761487126350403
0.09851138293743134
0.13300257921218872
0.9466979503631592
0.003346349811181426
0.0014461774844676256
0.8463192582130432
0.8160091638565063
0.040261492133140564
0.009206742979586124
0.07280617952346802
0.0
0.0015990596730262041
3.664467658381909E-4
0.007039617281407118
0.8524872660636902
0.23337432742118835
0.021317046135663986
0.08423776924610138
0.7503271698951721
0.6052917242050171
0.9063268303871155
0.07007384300231934
0.14665096998214722
2.397567586740479E-4
0.9949159622192383
0.6235595345497131
0.01814352720975876
0.9737125039100647
0.007558911107480526
0.6983897089958191
0.16070619225502014
0.01560415793210268
0.10406854748725891
0.8482839465141296
0.3869835436344147
0.9943373203277588
0.5029235482215881
0.8129328489303589
