0.3
0.23076923076923078
0.3225806451612903
0.6666666666666666
0.3333333333333333
0.4
0.38636363636363635
0.12345679012345678
0.08333333333333333
0.30303030303030304
0.3076923076923077
0.5
0.32
0.5
0.34782608695652173
0.1794871794871795
0.11428571428571428
0.6842105263157895
0.08333333333333333
0.25
0.125
0.3333333333333333
0.3333333333333333
0.0
0.4117647058823529
0.5
0.3333333333333333
1.0
0.125
0.3793103448275862
0.0
0.2916666666666667
0.3333333333333333
0.05263157894736842
0.06666666666666667
0.14285714285714285
0.23076923076923078
0.19047619047619047
0.43478260869565216
0.5
0.5454545454545454
0.07692307692307693
0.358974358974359
0.03333333333333333
0.3
0.2
0.28
0.2857142857142857
0.2222222222222222
0.24324324324324326
0.2903225806451613
0.35
0.3181818181818182
0.22
0.16666666666666666
0.5
0.0
0.2777777777777778
0.2
0.25
0.08
0.26
0.3333333333333333
0.16666666666666666
0.49206349206349204
0.3
0.30434782608695654
0.11764705882352941
0.11764705882352941
0.06666666666666667
0.4444444444444444
0.5217391304347826
0.1746031746031746
0.25
0.0
0.3333333333333333
0.25
0.18181818181818182
0.26666666666666666
0.4375
0.375
0.19047619047619047
0.40625
0.4
0.3333333333333333
0.3684210526315789
0.52
0.2631578947368421
0.4
0.4375
0.375
0.3
0.3
0.4117647058823529
0.18181818181818182
0.0
0.15625
0.2222222222222222
0.1388888888888889
0.1875
0.14285714285714285
0.3333333333333333
0.2777777777777778
0.5
0.28
0.3125
0.14285714285714285
0.3157894736842105
1.0
0.4
0.23809523809523808
0.2
0.4
0.10526315789473684
0.6666666666666666
0.07692307692307693
0.3076923076923077
0.3125
0.7
0.5555555555555556
0.46153846153846156
0.3333333333333333
0.5
0.4166666666666667
0.4878048780487805
0.17647058823529413
0.75
0.3333333333333333
0.1111111111111111
0.11764705882352941
0.3333333333333333
0.0967741935483871
0.09090909090909091
0.375
0.3333333333333333
0.4
0.14285714285714285
0.12
0.0
0.15384615384615385
0.2692307692307692
0.5
0.5454545454545454
0.4117647058823529
0.38461538461538464
0.3
0.4444444444444444
0.15384615384615385
0.3333333333333333
0.19230769230769232
0.1893491124260355
0.17647058823529413
0.2
0.5625
0.3076923076923077
0.26666666666666666
0.3076923076923077
0.6153846153846154
0.3333333333333333
0.6071428571428571
0.375
0.2777777777777778
0.45
0.5833333333333334
0.5
0.23076923076923078
0.2222222222222222
0.14285714285714285
0.3333333333333333
0.1
0.23529411764705882
0.18181818181818182
0.18181818181818182
0.18421052631578946
0.4444444444444444
0.2222222222222222
0.21428571428571427
0.0
0.36585365853658536
0.3888888888888889
0.25
0.15625
0.23076923076923078
0.2
0.3
0.25
0.4444444444444444
0.16666666666666666
0.0
0.2
0.2727272727272727
0.2857142857142857
0.12962962962962962
0.07142857142857142
0.5
0.11764705882352941
0.18518518518518517
0.0
0.13333333333333333
0.22727272727272727
0.5
0.5714285714285714
0.6666666666666666
0.3333333333333333
0.07142857142857142
0.0
0.0
0.5714285714285714
0.37037037037037035
0.21739130434782608
0.4
0.3157894736842105
0.38461538461538464
0.07692307692307693
0.2
0.08571428571428572
0.5
0.6363636363636364
0.4444444444444444
0.5
0.42857142857142855
0.5555555555555556
0.32142857142857145
0.125
0.32142857142857145
0.4444444444444444
0.36507936507936506
0.18518518518518517
0.6
0.6
0.1388888888888889
0.3333333333333333
0.12903225806451613
0.23076923076923078
0.2631578947368421
0.15384615384615385
0.25
0.13636363636363635
0.16666666666666666
0.16666666666666666
0.21739130434782608
0.17073170731707318
0.09090909090909091
0.0
0.09090909090909091
0.1
0.34285714285714286
0.2222222222222222
0.28846153846153844
0.7142857142857143
0.0
0.4166666666666667
0.2
0.16666666666666666
0.3
0.8
0.21428571428571427
0.375
0.20689655172413793
0.25
0.25
0.1
0.42857142857142855
0.45
0.25
0.391304347826087
0.6666666666666666
0.18518518518518517
0.1875
0.17647058823529413
0.09090909090909091
0.2857142857142857
0.25
0.5
0.25
0.14285714285714285
0.3939393939393939
0.0
0.35
0.125
0.34782608695652173
0.8
0.09090909090909091
0.275
0.2
0.18181818181818182
0.18181818181818182
0.6
0.4
0.28
0.8333333333333334
0.5
0.0
0.07142857142857142
0.0
0.2727272727272727
0.3
0.15
0.3235294117647059
0.07142857142857142
0.125
0.4
0.4166666666666667
0.23076923076923078
0.1956521739130435
0.2857142857142857
0.16666666666666666
0.4444444444444444
0.2222222222222222
0.28
0.5
0.1646586345381526
0.05263157894736842
0.25
0.0
0.15789473684210525
0.17647058823529413
0.5
0.3
0.2727272727272727
0.21951219512195122
0.42857142857142855
0.13636363636363635
0.3333333333333333
0.7142857142857143
0.6
0.5
0.34615384615384615
0.38235294117647056
0.22727272727272727
0.4166666666666667
0.1
0.16666666666666666
0.0
0.4666666666666667
0.375
0.4
0.5833333333333334
0.25
0.5384615384615384
0.7857142857142857
0.6363636363636364
0.22727272727272727
0.2
0.17647058823529413
0.2972972972972973
0.21428571428571427
0.0
0.2727272727272727
0.40540540540540543
0.7142857142857143
0.23636363636363636
0.05263157894736842
0.45454545454545453
0.5
0.12121212121212122
0.2222222222222222
0.2222222222222222
0.25333333333333335
0.43478260869565216
0.3125
0.0
0.25
0.38461538461538464
0.3684210526315789
0.125
0.5
0.25
0.4
0.4
0.391304347826087
0.391304347826087
0.625
0.47368421052631576
0.43333333333333335
0.14285714285714285
0.42857142857142855
0.4
0.3333333333333333
0.2222222222222222
0.8
0.3076923076923077
0.0
0.5454545454545454
0.30434782608695654
0.2857142857142857
0.19047619047619047
0.0
0.25
0.25
0.6
0.37037037037037035
0.27586206896551724
0.4444444444444444
0.3076923076923077
0.3
0.2222222222222222
0.2857142857142857
0.16666666666666666
0.6190476190476191
0.9166666666666666
0.3310580204778157
0.4
0.2857142857142857
0.23076923076923078
0.38461538461538464
0.3333333333333333
0.8
0.0
0.0
0.2
0.05263157894736842
0.3333333333333333
0.16216216216216217
0.1
0.3333333333333333
0.28
0.2857142857142857
0.0
0.125
0.3333333333333333
0.26666666666666666
0.13725490196078433
0.4375
0.13157894736842105
0.14285714285714285
0.35714285714285715
0.16666666666666666
0.5
0.5
0.21739130434782608
0.375
0.24324324324324326
0.6428571428571429
0.2692307692307692
0.16666666666666666
0.36363636363636365
0.0625
0.14285714285714285
0.2777777777777778
0.34210526315789475
0.375
0.08
0.5
0.47368421052631576
0.14285714285714285
0.5
0.2857142857142857
0.25
0.21428571428571427
0.26666666666666666
0.26666666666666666
0.4444444444444444
0.07692307692307693
0.11764705882352941
0.5
0.3010752688172043
0.2727272727272727
0.6666666666666666
0.4117647058823529
0.08333333333333333
0.391304347826087
0.2727272727272727
0.2
0.08
0.14285714285714285
0.3333333333333333
0.4090909090909091
0.2
0.0
0.25
0.0
0.29411764705882354
0.06666666666666667
0.0
0.49019607843137253
0.16666666666666666
0.2
0.3333333333333333
0.0
0.42857142857142855
0.38461538461538464
0.375
0.22727272727272727
0.16666666666666666
0.3333333333333333
0.2
0.13333333333333333
0.16666666666666666
0.5
0.1111111111111111
0.2727272727272727
0.2222222222222222
0.2
0.2542372881355932
0.2222222222222222
0.2
0.16666666666666666
0.3076923076923077
0.12
0.1111111111111111
0.5
0.16666666666666666
0.19047619047619047
0.15
0.2727272727272727
0.13636363636363635
0.23076923076923078
0.39285714285714285
0.14285714285714285
0.2692307692307692
0.22727272727272727
0.0
0.32142857142857145
0.2222222222222222
0.21052631578947367
0.21739130434782608
0.5263157894736842
0.15789473684210525
0.0
0.26666666666666666
0.3333333333333333
0.3684210526315789
0.391304347826087
0.34782608695652173
0.09090909090909091
0.2571428571428571
0.1875
0.0
0.1111111111111111
0.35294117647058826
0.2
0.3333333333333333
0.13043478260869565
0.0
0.3333333333333333
0.09523809523809523
0.3076923076923077
0.1
0.391304347826087
0.3157894736842105
0.3125
0.26666666666666666
0.43478260869565216
0.6
0.25
0.29411764705882354
0.14945054945054945
0.2127659574468085
0.4
0.5
0.3333333333333333
0.4666666666666667
0.5263157894736842
0.5
0.38596491228070173
0.25
0.3181818181818182
0.6
0.30303030303030304
0.1111111111111111
0.0
0.2692307692307692
0.3333333333333333
0.4444444444444444
0.47368421052631576
0.1
0.4
0.1875
0.3333333333333333
0.3333333333333333
0.05555555555555555
0.06666666666666667
0.5
0.29545454545454547
0.14285714285714285
0.25925925925925924
0.3333333333333333
0.3333333333333333
0.18181818181818182
0.3333333333333333
0.5
0.39285714285714285
0.4090909090909091
0.625
0.2222222222222222
0.22413793103448276
0.2631578947368421
0.0
0.07692307692307693
0.4
0.3333333333333333
0.25
0.14285714285714285
0.17647058823529413
0.375
0.38461538461538464
0.4117647058823529
0.23076923076923078
0.5
0.25
0.1
0.5
0.3333333333333333
0.16981132075471697
0.7142857142857143
0.15384615384615385
0.3
0.3684210526315789
0.0
0.0
0.25
0.2857142857142857
0.4
0.3157894736842105
0.35294117647058826
0.5
0.36363636363636365
0.3076923076923077
0.0
0.2631578947368421
0.3333333333333333
0.1724137931034483
0.2222222222222222
0.16666666666666666
0.16666666666666666
0.2692307692307692
0.42857142857142855
0.30434782608695654
0.42857142857142855
0.0
0.24324324324324326
0.07692307692307693
0.16666666666666666
0.375
0.18181818181818182
0.35714285714285715
0.1724137931034483
0.3333333333333333
0.5416666666666666
0.4
0.25
0.18181818181818182
0.3
0.5333333333333333
0.4117647058823529
0.3684210526315789
0.34285714285714286
0.17647058823529413
0.2222222222222222
0.30701754385964913
0.2777777777777778
0.2777777777777778
0.14285714285714285
0.1
0.25
0.21052631578947367
0.2
0.2
0.15
0.2222222222222222
0.35714285714285715
0.07692307692307693
0.0
0.0
0.5
0.7
0.1
0.16666666666666666
0.5555555555555556
0.5
0.2727272727272727
0.21428571428571427
0.0
0.16666666666666666
0.0
0.4375
0.4375
0.16666666666666666
0.09090909090909091
0.2
0.6
0.25
0.15789473684210525
0.3333333333333333
0.13636363636363635
0.0
0.18181818181818182
0.16666666666666666
0.4307692307692308
0.5714285714285714
0.28
0.1111111111111111
0.38461538461538464
0.25
0.2727272727272727
0.42857142857142855
0.07142857142857142
0.0
0.3333333333333333
0.20588235294117646
0.3409090909090909
0.25
0.5
0.2857142857142857
0.11428571428571428
0.2894736842105263
0.16666666666666666
0.25
1.0
0.20689655172413793
0.21428571428571427
0.25
0.2
0.25
0.25
0.2222222222222222
0.2222222222222222
0.3387096774193548
0.22727272727272727
0.14285714285714285
0.1875
0.25757575757575757
0.14285714285714285
0.5
0.1
0.4
0.2857142857142857
1.0
0.0
0.17647058823529413
0.3055555555555556
0.125
0.1
0.2222222222222222
0.17307692307692307
0.21428571428571427
0.2727272727272727
0.2727272727272727
0.0
0.0
0.5625
0.23255813953488372
0.8
0.42857142857142855
0.19047619047619047
0.42857142857142855
0.23076923076923078
0.1
0.28205128205128205
0.0
0.2727272727272727
0.4
0.4666666666666667
0.21428571428571427
0.14285714285714285
0.3103448275862069
0.6
0.25
0.058823529411764705
0.2894736842105263
0.16666666666666666
0.625
0.4375
0.2222222222222222
0.25
0.1111111111111111
0.14893617021276595
0.05555555555555555
0.25
0.5
0.2222222222222222
0.25
0.2222222222222222
0.375
0.3125
0.29545454545454547
0.2222222222222222
0.2222222222222222
0.07692307692307693
0.7058823529411765
0.40404040404040403
0.2631578947368421
0.4074074074074074
0.3333333333333333
0.3157894736842105
0.3783783783783784
0.3157894736842105
0.4444444444444444
0.45454545454545453
0.0
0.5
0.7142857142857143
0.6666666666666666
0.4782608695652174
0.4
0.25316455696202533
0.2727272727272727
0.2631578947368421
0.28
0.17391304347826086
0.16666666666666666
0.2222222222222222
0.35294117647058826
0.2
0.23529411764705882
0.36363636363636365
0.25
0.21052631578947367
0.2727272727272727
0.75
0.3076923076923077
0.22580645161290322
0.4444444444444444
0.3333333333333333
0.25
0.2857142857142857
0.6190476190476191
0.5
0.22580645161290322
0.2222222222222222
0.16666666666666666
0.2222222222222222
0.25
0.25
0.2631578947368421
0.10810810810810811
0.3333333333333333
0.07142857142857142
0.1111111111111111
0.125
0.1111111111111111
0.1111111111111111
0.2222222222222222
0.21428571428571427
0.1
0.125
0.0625
0.14285714285714285
0.25
0.3333333333333333
0.42857142857142855
0.75
0.1
0.14
0.2
0.3333333333333333
0.13333333333333333
0.2
0.13333333333333333
0.2
0.19047619047619047
0.2
0.28
0.6818181818181818
0.36363636363636365
0.35294117647058826
0.5
0.2
0.8648648648648649
0.3157894736842105
0.43478260869565216
0.11538461538461539
0.16
0.5
0.375
0.14285714285714285
0.23076923076923078
0.0
0.15
0.3333333333333333
0.5
0.5833333333333334
0.10526315789473684
0.6666666666666666
0.5
0.4444444444444444
0.2857142857142857
0.2
0.25
0.15384615384615385
0.18421052631578946
0.1590909090909091
0.4
0.37142857142857144
0.4166666666666667
0.25
0.3684210526315789
0.38095238095238093
0.13333333333333333
0.3333333333333333
0.2
0.4117647058823529
0.2
0.3333333333333333
0.33962264150943394
0.3333333333333333
0.045454545454545456
0.5
0.17142857142857143
0.16666666666666666
0.45454545454545453
0.26666666666666666
0.35714285714285715
0.09230769230769231
0.3333333333333333
0.46153846153846156
0.21428571428571427
0.2857142857142857
0.2727272727272727
0.4
0.3076923076923077
0.0
0.34615384615384615
0.125
0.14285714285714285
0.18181818181818182
0.23076923076923078
0.4375
0.7777777777777778
0.3333333333333333
0.46153846153846156
0.3333333333333333
0.4
0.6
0.25
0.08333333333333333
0.15384615384615385
0.20689655172413793
0.17142857142857143
0.09523809523809523
0.13333333333333333
0.16666666666666666
0.17647058823529413
0.2857142857142857
0.42857142857142855
0.2222222222222222
0.2631578947368421
0.8888888888888888
0.6
0.42857142857142855
0.25
0.4
0.23076923076923078
0.35714285714285715
0.25
0.2222222222222222
0.2647058823529412
0.125
0.125
0.42105263157894735
0.28125
0.42857142857142855
0.35
0.5333333333333333
0.8
0.2962962962962963
0.625
0.08333333333333333
0.6666666666666666
0.32
0.375
0.16666666666666666
0.25
0.4090909090909091
0.375
0.06666666666666667
0.4444444444444444
0.1
0.3333333333333333
0.625
0.25
0.25
0.4
0.1875
0.3684210526315789
0.36363636363636365
0.5
0.42857142857142855
0.5
0.42857142857142855
0.4117647058823529
0.05263157894736842
0.36363636363636365
0.2222222222222222
0.3157894736842105
0.0
0.32
0.4492753623188406
0.4666666666666667
0.15384615384615385
0.25
0.3977272727272727
0.5
0.43243243243243246
0.2
0.16666666666666666
0.21739130434782608
0.18181818181818182
0.2692307692307692
0.0
0.21052631578947367
0.4
0.5
0.0
0.11538461538461539
0.4444444444444444
0.5
0.26666666666666666
0.15789473684210525
0.25
0.5555555555555556
0.2857142857142857
0.6363636363636364
0.2727272727272727
0.4
0.5882352941176471
0.07894736842105263
0.0
0.45
0.2
0.25
0.2647058823529412
0.2
0.41935483870967744
0.2
0.6
0.23076923076923078
0.2765957446808511
0.16666666666666666
0.1111111111111111
0.47619047619047616
0.19574468085106383
0.2765957446808511
0.2
0.25
0.25
0.14285714285714285
0.047619047619047616
0.4666666666666667
0.3333333333333333
0.21951219512195122
0.12244897959183673
0.3333333333333333
0.375
0.2857142857142857
0.3333333333333333
0.2857142857142857
0.46153846153846156
0.26666666666666666
0.36363636363636365
0.18
0.05555555555555555
0.1282051282051282
0.19047619047619047
0.10526315789473684
0.21153846153846154
0.2727272727272727
0.5
0.3333333333333333
0.125
0.391304347826087
0.2222222222222222
0.5714285714285714
0.28205128205128205
0.5
0.5
0.19230769230769232
0.09523809523809523
0.3111111111111111
0.23076923076923078
0.26666666666666666
0.28
0.26666666666666666
0.25
0.42105263157894735
0.08333333333333333
0.18181818181818182
0.42857142857142855
0.23076923076923078
0.10526315789473684
0.23255813953488372
0.08
0.25
0.3684210526315789
0.46153846153846156
0.1780821917808219
0.25
0.42028985507246375
0.2857142857142857
0.3055555555555556
0.2222222222222222
0.0
0.15789473684210525
0.5
0.15
0.10526315789473684
0.24193548387096775
0.14285714285714285
0.3684210526315789
0.3
0.24324324324324326
0.19230769230769232
0.3829787234042553
0.35
0.25
0.26666666666666666
0.4
0.14285714285714285
0.0
0.07692307692307693
0.25
0.2
0.3508771929824561
0.1206896551724138
0.375
0.20689655172413793
0.0
0.11764705882352941
0.25
0.29411764705882354
0.2978723404255319
0.125
0.16
0.2222222222222222
0.17567567567567569
0.3333333333333333
0.1111111111111111
0.3333333333333333
0.2631578947368421
0.46153846153846156
0.16
0.42857142857142855
0.1724137931034483
0.35294117647058826
0.46153846153846156
0.13636363636363635
0.3888888888888889
0.13793103448275862
0.06382978723404255
0.2916666666666667
0.3181818181818182
0.1388888888888889
0.2619047619047619
0.4
0.2
0.4
0.12195121951219512
0.55
0.15789473684210525
0.15384615384615385
0.3
0.4117647058823529
0.6666666666666666
0.07142857142857142
0.06666666666666667
0.2962962962962963
0.15384615384615385
0.3333333333333333
0.5
0.0
0.5
0.125
0.375
0.5454545454545454
0.23076923076923078
0.3125
0.3333333333333333
0.7037037037037037
0.4166666666666667
0.29411764705882354
0.6774193548387096
0.14893617021276595
0.4
0.26666666666666666
0.16666666666666666
0.2857142857142857
0.23529411764705882
0.203125
0.3
0.09090909090909091
0.4
0.5
0.7857142857142857
0.3333333333333333
0.13333333333333333
0.125
0.08333333333333333
0.36363636363636365
0.2
0.42105263157894735
0.4117647058823529
0.6666666666666666
0.20833333333333334
0.3191489361702128
0.08333333333333333
0.1
0.125
0.07692307692307693
0.47619047619047616
0.10714285714285714
0.6666666666666666
0.1111111111111111
0.0
0.2777777777777778
0.24242424242424243
0.28205128205128205
0.21052631578947367
0.16666666666666666
0.35
0.42857142857142855
0.16279069767441862
0.36363636363636365
0.16666666666666666
0.21428571428571427
0.35714285714285715
0.0
0.0
0.2727272727272727
0.2857142857142857
0.125
0.47058823529411764
0.4
0.2
0.35714285714285715
0.3888888888888889
0.13043478260869565
0.42105263157894735
0.21052631578947367
0.8
0.0
0.12
0.5
0.225
0.2
0.29411764705882354
0.27722772277227725
0.42857142857142855
0.2564102564102564
0.45454545454545453
0.5555555555555556
0.375
0.0
0.2
0.3888888888888889
0.3076923076923077
0.75
0.2
0.48484848484848486
0.1
0.2
0.09090909090909091
0.38095238095238093
0.2
0.4
0.5384615384615384
0.4444444444444444
0.3888888888888889
0.5208333333333334
0.6666666666666666
0.24
0.4722222222222222
0.2
0.16666666666666666
0.23529411764705882
0.125
0.1
0.46153846153846156
0.2926829268292683
0.17857142857142858
0.21621621621621623
0.2857142857142857
0.36363636363636365
0.3076923076923077
0.3333333333333333
0.07142857142857142
0.2037037037037037
0.37142857142857144
0.22727272727272727
0.25
0.2857142857142857
0.5
0.14
0.1
0.8
0.42857142857142855
0.0
0.14814814814814814
0.46153846153846156
0.125
0.125
0.10344827586206896
0.32142857142857145
0.2
0.2
0.2894736842105263
0.46875
0.3486238532110092
0.17567567567567569
0.16
0.23076923076923078
0.2222222222222222
0.18181818181818182
0.22727272727272727
0.11494252873563218
0.4
0.17391304347826086
0.4594594594594595
0.21428571428571427
0.5405405405405406
0.5714285714285714
0.5714285714285714
0.4444444444444444
0.391304347826087
0.25
0.5
0.2903225806451613
0.18518518518518517
0.6666666666666666
0.35
0.15384615384615385
0.16666666666666666
0.5714285714285714
0.08571428571428572
0.4444444444444444
0.2222222222222222
0.21428571428571427
0.23076923076923078
0.16
0.4375
0.36363636363636365
0.0
0.125
0.1111111111111111
0.25
0.18181818181818182
0.23076923076923078
0.3548387096774194
0.23333333333333334
0.3157894736842105
0.1
0.3
0.08333333333333333
0.1
0.16666666666666666
0.2727272727272727
0.3333333333333333
0.23076923076923078
0.26666666666666666
0.25
0.35714285714285715
0.07692307692307693
0.10714285714285714
0.14960629921259844
0.4166666666666667
0.047619047619047616
0.2727272727272727
0.26666666666666666
0.13043478260869565
0.42857142857142855
0.20833333333333334
0.0625
0.058823529411764705
0.13402061855670103
0.22857142857142856
0.27586206896551724
0.3
0.28125
0.15
0.38461538461538464
0.043478260869565216
0.14814814814814814
0.17647058823529413
0.5
0.75
0.5294117647058824
0.2777777777777778
0.38461538461538464
0.12037037037037036
0.5
0.20833333333333334
0.36363636363636365
0.46153846153846156
0.2867132867132867
0.09375
0.18181818181818182
0.1
0.25
0.42857142857142855
0.37037037037037035
0.5
0.0625
0.0
0.4666666666666667
0.0
0.13636363636363635
0.14285714285714285
0.42857142857142855
0.3
0.23863636363636365
0.3333333333333333
0.35714285714285715
0.15625
0.19230769230769232
0.25
0.27586206896551724
0.36363636363636365
0.4
0.21621621621621623
0.23214285714285715
0.15384615384615385
0.15384615384615385
0.2777777777777778
0.5
0.391304347826087
0.2857142857142857
0.21739130434782608
0.5263157894736842
0.14516129032258066
0.0
0.35714285714285715
0.3333333333333333
0.45454545454545453
0.1111111111111111
0.0
0.3333333333333333
0.4074074074074074
0.3333333333333333
0.5
0.0
0.2857142857142857
0.29545454545454547
0.4888888888888889
0.09090909090909091
0.35714285714285715
0.7857142857142857
0.4444444444444444
0.3333333333333333
0.42857142857142855
0.2
0.047619047619047616
0.6666666666666666
0.17647058823529413
0.15384615384615385
0.24561403508771928
0.5555555555555556
0.16666666666666666
0.2608695652173913
0.2692307692307692
0.2727272727272727
0.14705882352941177
0.4166666666666667
0.18181818181818182
0.14705882352941177
0.2413793103448276
0.5
0.14285714285714285
0.3333333333333333
0.1
0.37142857142857144
0.2222222222222222
0.3275862068965517
0.2222222222222222
0.5714285714285714
0.5
0.14285714285714285
0.3333333333333333
0.23529411764705882
0.5217391304347826
0.03571428571428571
0.21428571428571427
0.13580246913580246
0.21052631578947367
0.2125
0.42105263157894735
0.40625
0.375
0.3548387096774194
0.10810810810810811
0.2608695652173913
0.13793103448275862
0.2222222222222222
0.11627906976744186
0.1875
0.24324324324324326
0.21428571428571427
0.2647058823529412
0.140625
0.45454545454545453
0.15625
0.6666666666666666
0.43478260869565216
0.23333333333333334
0.425
0.043478260869565216
0.12
0.25
0.2727272727272727
0.18181818181818182
0.21428571428571427
0.5333333333333333
0.2222222222222222
0.3269230769230769
0.3076923076923077
0.2692307692307692
0.3333333333333333
0.38461538461538464
0.06451612903225806
0.75
0.5
0.09302325581395349
0.05714285714285714
0.13333333333333333
0.1590909090909091
0.3282442748091603
0.32
0.32432432432432434
0.3055555555555556
0.34615384615384615
0.5555555555555556
0.4666666666666667
0.3333333333333333
0.16666666666666666
0.11764705882352941
0.4666666666666667
0.06666666666666667
0.0
0.5714285714285714
0.5555555555555556
0.6363636363636364
0.3953488372093023
0.3181818181818182
0.4
0.14705882352941177
0.3125
0.42105263157894735
0.15517241379310345
0.375
0.18181818181818182
0.42857142857142855
0.3333333333333333
0.09090909090909091
0.2222222222222222
0.2222222222222222
0.3076923076923077
0.3333333333333333
0.36363636363636365
0.2
0.21428571428571427
0.55
1.0
0.11627906976744186
0.2222222222222222
0.2
0.25
0.25
0.375
0.4576271186440678
0.14285714285714285
0.16666666666666666
0.24324324324324326
0.3333333333333333
0.5714285714285714
0.0
0.0
0.0975609756097561
0.29411764705882354
0.2916666666666667
0.6
0.6
0.25
1.0
0.7272727272727273
0.0
0.2
0.27586206896551724
0.25
0.07692307692307693
0.375
0.1
0.2
0.2727272727272727
0.25
0.2608695652173913
0.25
0.25
0.2857142857142857
0.34615384615384615
0.08333333333333333
0.4117647058823529
0.34375
0.5714285714285714
0.391304347826087
0.3076923076923077
0.5555555555555556
0.5
0.1875
0.26666666666666666
0.5714285714285714
0.42857142857142855
0.0
0.3181818181818182
0.14285714285714285
0.1951219512195122
0.125
0.21739130434782608
0.08333333333333333
0.5
0.16666666666666666
0.2857142857142857
0.1111111111111111
0.047619047619047616
0.23076923076923078
0.36363636363636365
0.2631578947368421
0.35714285714285715
0.625
0.7272727272727273
0.2916666666666667
0.38461538461538464
0.3333333333333333
0.27586206896551724
0.125
0.375
0.0
0.4
0.0
0.14285714285714285
0.75
0.2
0.13953488372093023
0.45454545454545453
0.75
0.4
0.5714285714285714
0.25
0.2631578947368421
0.15625
0.14285714285714285
0.05
0.4
0.24
0.3125
0.0
0.0
0.2857142857142857
0.46153846153846156
0.5
0.5882352941176471
0.25
0.2222222222222222
0.36363636363636365
0.2777777777777778
0.5
0.15789473684210525
0.21739130434782608
0.0
0.3181818181818182
0.5
0.4090909090909091
0.4375
0.5714285714285714
0.75
0.625
0.12903225806451613
0.17647058823529413
0.17647058823529413
0.5555555555555556
0.34545454545454546
0.4117647058823529
0.4117647058823529
0.16666666666666666
0.12903225806451613
0.21818181818181817
0.06666666666666667
0.043478260869565216
0.3333333333333333
0.8
0.0
0.0
0.16129032258064516
0.21212121212121213
0.14285714285714285
0.2222222222222222
0.23076923076923078
0.16666666666666666
1.0
0.19047619047619047
0.19444444444444445
0.35714285714285715
0.4
0.1111111111111111
0.3333333333333333
0.8571428571428571
0.6470588235294118
0.0
0.0
0.42424242424242425
0.0
0.125
0.2857142857142857
0.13333333333333333
0.09523809523809523
0.3
0.23076923076923078
0.4444444444444444
0.3
0.6666666666666666
0.36
0.0
0.2857142857142857
0.20689655172413793
0.4
0.23809523809523808
0.08108108108108109
0.125
0.4782608695652174
0.2777777777777778
0.2
0.6
0.22727272727272727
0.0
0.25925925925925924
0.625
0.3888888888888889
0.2962962962962963
0.45454545454545453
0.5
0.4827586206896552
0.16666666666666666
0.25
0.7777777777777778
0.1
0.22727272727272727
0.0
0.21621621621621623
0.2682926829268293
0.36363636363636365
0.125
0.125
0.09090909090909091
0.6666666666666666
0.23076923076923078
0.18181818181818182
0.125
0.34210526315789475
0.21428571428571427
0.3
0.1875
0.5384615384615384
0.42857142857142855
0.5
0.6666666666666666
0.2727272727272727
0.30612244897959184
0.1724137931034483
0.6666666666666666
0.2
0.08
0.375
0.2727272727272727
0.13333333333333333
0.3888888888888889
0.8
0.2727272727272727
0.3333333333333333
0.4166666666666667
0.2857142857142857
0.5
0.0
0.2857142857142857
0.4666666666666667
0.2857142857142857
0.0
0.4838709677419355
0.3235294117647059
0.5833333333333334
0.4166666666666667
0.1111111111111111
0.2857142857142857
0.5
0.36363636363636365
0.2
0.3333333333333333
0.3333333333333333
0.8
0.5882352941176471
0.1
0.0625
0.2222222222222222
0.16666666666666666
0.375
0.0
0.38461538461538464
0.4166666666666667
0.3333333333333333
0.26666666666666666
0.3125
0.125
0.6875
0.4
0.15
0.5625
0.5
0.3888888888888889
0.8227848101265823
0.6666666666666666
0.3333333333333333
0.16666666666666666
0.21739130434782608
0.16666666666666666
0.1111111111111111
0.2
0.07692307692307693
0.34328358208955223
0.05263157894736842
0.21428571428571427
0.4444444444444444
0.6666666666666666
0.3333333333333333
0.5454545454545454
0.3333333333333333
0.08333333333333333
0.14285714285714285
0.26
0.3181818181818182
0.23809523809523808
0.42857142857142855
0.7
0.16666666666666666
0.4
0.8333333333333334
0.6
0.0625
0.3333333333333333
0.0
0.4
0.0
0.2222222222222222
0.46153846153846156
0.29411764705882354
0.11764705882352941
0.45
0.38461538461538464
0.18181818181818182
0.2
0.0
0.29411764705882354
0.25
0.2
0.2564102564102564
0.3013698630136986
0.1111111111111111
0.18181818181818182
0.25
0.36363636363636365
0.25
0.3
0.4166666666666667
0.2727272727272727
0.15789473684210525
0.07142857142857142
0.3793103448275862
0.3611111111111111
0.22580645161290322
0.21428571428571427
0.125
0.16666666666666666
0.5384615384615384
1.0
1.0
0.22857142857142856
0.16666666666666666
0.21428571428571427
0.1111111111111111
0.4166666666666667
0.38461538461538464
0.0
0.23076923076923078
1.0
0.5
0.375
0.2
0.2972972972972973
0.4
0.0
0.14285714285714285
0.45454545454545453
0.14285714285714285
0.5116279069767442
0.23076923076923078
0.34782608695652173
0.5
0.05555555555555555
0.11764705882352941
0.2857142857142857
0.3076923076923077
0.16666666666666666
0.5
0.375
0.1111111111111111
0.10810810810810811
0.25
0.5
0.2222222222222222
0.15384615384615385
0.18181818181818182
0.25
0.25
0.5
0.75
0.09090909090909091
0.15384615384615385
0.18181818181818182
0.5
0.4
0.45454545454545453
0.125
0.2857142857142857
0.3076923076923077
0.10526315789473684
0.038461538461538464
0.15
0.31901840490797545
0.36363636363636365
0.6666666666666666
0.5
0.375
0.4
0.19230769230769232
0.46153846153846156
0.3492063492063492
0.18181818181818182
0.4358974358974359
0.14285714285714285
0.625
0.45454545454545453
0.14285714285714285
0.2
0.2857142857142857
0.19230769230769232
0.09090909090909091
0.25
0.23076923076923078
0.35714285714285715
0.36363636363636365
0.3076923076923077
0.2
0.3333333333333333
0.23076923076923078
0.36363636363636365
0.09090909090909091
0.6
0.3333333333333333
0.2727272727272727
0.4
0.14285714285714285
0.16666666666666666
0.0
0.25
0.0
0.25
0.3125
0.2
0.3333333333333333
0.3333333333333333
0.3333333333333333
0.125
0.21428571428571427
0.21428571428571427
0.0
0.25
0.0
0.4
0.5319148936170213
0.4222222222222222
0.54
0.18181818181818182
0.4594594594594595
0.11475409836065574
0.5102040816326531
0.7142857142857143
0.4
0.42857142857142855
0.25
0.35294117647058826
0.375
0.4857142857142857
0.4666666666666667
0.14285714285714285
0.02857142857142857
0.3225806451612903
0.27631578947368424
0.23809523809523808
0.35
0.19230769230769232
0.3333333333333333
0.23076923076923078
0.38461538461538464
0.0
0.034482758620689655
0.06666666666666667
0.25
0.14285714285714285
0.23076923076923078
0.14285714285714285
0.5
0.1951219512195122
0.23529411764705882
0.15151515151515152
0.043478260869565216
0.35294117647058826
0.0
0.2777777777777778
0.2857142857142857
0.4583333333333333
0.375
0.17142857142857143
0.14285714285714285
0.2
0.5
0.125
0.38461538461538464
0.2222222222222222
0.1076923076923077
0.6666666666666666
0.1
0.28125
0.3333333333333333
0.43902439024390244
0.17647058823529413
0.3
0.3333333333333333
0.45454545454545453
0.2222222222222222
0.3333333333333333
0.4166666666666667
0.42857142857142855
0.11510791366906475
0.3484848484848485
0.5
0.34375
0.8
0.26666666666666666
0.36363636363636365
0.5
0.1875
0.09090909090909091
0.6875
0.6666666666666666
0.3448275862068966
0.3076923076923077
0.3125
0.25
0.23809523809523808
0.06666666666666667
0.125
0.2631578947368421
0.5
0.07692307692307693
0.5714285714285714
0.375
0.6923076923076923
0.0
0.14285714285714285
0.2
0.2727272727272727
0.06818181818181818
0.2727272727272727
0.2
0.25
0.5625
0.35
0.2540983606557377
0.18181818181818182
0.75
0.5
0.15789473684210525
0.0
0.14285714285714285
0.14285714285714285
0.6
0.3076923076923077
0.25
0.46153846153846156
0.13333333333333333
0.07142857142857142
0.18181818181818182
0.21212121212121213
0.0
0.45454545454545453
0.2857142857142857
0.25
0.5454545454545454
0.3076923076923077
0.25
0.11538461538461539
0.42857142857142855
0.4642857142857143
0.13333333333333333
0.2413793103448276
0.3
0.2222222222222222
0.1875
0.35714285714285715
0.25
0.225
0.45161290322580644
0.17391304347826086
0.15789473684210525
0.3333333333333333
0.3125
0.6
0.0
0.3125
0.6363636363636364
0.2222222222222222
0.07142857142857142
0.4
0.08
0.5128205128205128
0.45
1.0
0.20512820512820512
0.1111111111111111
0.11764705882352941
0.1111111111111111
0.3
0.42857142857142855
0.2857142857142857
0.35714285714285715
0.36363636363636365
0.5454545454545454
0.5882352941176471
0.14285714285714285
0.4
0.3076923076923077
0.1891891891891892
0.25
0.2608695652173913
0.14285714285714285
0.23076923076923078
0.0
0.4
0.25
0.6363636363636364
0.0
0.0
0.4
0.46153846153846156
0.47368421052631576
0.13333333333333333
0.42105263157894735
0.3076923076923077
0.21428571428571427
0.3684210526315789
0.625
0.22857142857142856
0.09090909090909091
0.2727272727272727
0.0
0.2727272727272727
0.3333333333333333
0.1
0.5454545454545454
0.3333333333333333
0.3333333333333333
0.15
0.3
0.25
0.16666666666666666
0.21428571428571427
0.2
0.375
0.17647058823529413
0.36
0.25
0.3793103448275862
0.12
0.22580645161290322
0.20512820512820512
0.15384615384615385
0.14285714285714285
0.4
0.2608695652173913
0.0
0.3492063492063492
0.7142857142857143
0.5
0.3561643835616438
0.42857142857142855
0.375
0.15555555555555556
0.5
0.14285714285714285
0.16666666666666666
0.3
0.21052631578947367
0.21428571428571427
0.13333333333333333
0.3181818181818182
0.4
0.0
0.1111111111111111
0.325
0.38461538461538464
0.24324324324324326
0.5396825396825397
0.2727272727272727
0.5555555555555556
0.4375
0.08695652173913043
0.23880597014925373
0.3684210526315789
0.2978723404255319
0.08333333333333333
0.4
0.14285714285714285
0.1111111111111111
0.2222222222222222
0.07692307692307693
0.25
0.125
0.06666666666666667
1.0
0.16666666666666666
0.5
0.5
0.36363636363636365
0.2857142857142857
0.5
0.6666666666666666
0.3076923076923077
0.23076923076923078
0.14285714285714285
1.0
0.5
0.18181818181818182
0.16666666666666666
0.23529411764705882
0.46875
0.4117647058823529
0.36363636363636365
0.5714285714285714
0.0
0.4897959183673469
0.21621621621621623
0.5
0.4666666666666667
NaN
0.4
0.45454545454545453
0.4117647058823529
0.5
0.3333333333333333
0.5
0.0625
0.08843537414965986
0.2857142857142857
0.23809523809523808
0.15789473684210525
0.2916666666666667
0.2
0.3
0.25
0.3333333333333333
0.24489795918367346
0.5
0.25
0.26666666666666666
0.26666666666666666
0.058823529411764705
0.2857142857142857
0.6363636363636364
0.23076923076923078
0.4
0.21052631578947367
0.21052631578947367
0.5384615384615384
0.25
0.46153846153846156
0.2
0.4444444444444444
0.6875
0.631578947368421
0.16666666666666666
0.4583333333333333
0.6666666666666666
0.2553191489361702
0.21621621621621623
0.36363636363636365
0.23529411764705882
0.15384615384615385
0.13333333333333333
0.0
0.2
0.16666666666666666
0.0
0.21052631578947367
0.36363636363636365
0.2
0.2
0.35294117647058826
0.18181818181818182
0.2857142857142857
0.25
0.2
0.2894736842105263
0.3333333333333333
0.3333333333333333
0.6666666666666666
0.6666666666666666
0.2857142857142857
0.06666666666666667
0.21052631578947367
0.3333333333333333
0.23076923076923078
0.32142857142857145
0.16
0.17647058823529413
0.125
0.0625
0.24390243902439024
0.3333333333333333
0.6
0.15789473684210525
0.1111111111111111
0.2857142857142857
0.22857142857142856
0.2413793103448276
0.2727272727272727
0.3333333333333333
0.6
0.2
0.2222222222222222
0.42592592592592593
0.07142857142857142
0.3333333333333333
0.42857142857142855
0.4444444444444444
0.17647058823529413
0.25
0.125
0.2222222222222222
0.25
0.42857142857142855
0.0
0.5714285714285714
0.5
0.2727272727272727
0.5
0.5
0.1
0.6
0.2631578947368421
0.2
0.35714285714285715
0.07142857142857142
0.14285714285714285
0.45
0.45
0.07692307692307693
0.25
0.045454545454545456
0.2916666666666667
0.3076923076923077
0.2857142857142857
0.03571428571428571
0.06666666666666667
0.13333333333333333
0.3333333333333333
0.25
0.18181818181818182
0.36363636363636365
0.21666666666666667
0.23529411764705882
0.14285714285714285
0.2222222222222222
0.6666666666666666
0.2222222222222222
0.22727272727272727
0.5714285714285714
0.5555555555555556
0.3125
0.17073170731707318
0.0
0.2926829268292683
0.5
0.35714285714285715
0.28125
0.2222222222222222
0.3125
0.0
0.09090909090909091
0.42857142857142855
0.2222222222222222
0.2608695652173913
0.2857142857142857
0.37037037037037035
0.3
0.12903225806451613
0.75
0.13157894736842105
0.4166666666666667
0.15384615384615385
0.2
0.2857142857142857
0.2857142857142857
0.32
0.25925925925925924
0.375
0.42857142857142855
0.6363636363636364
0.11458333333333333
0.3076923076923077
0.8888888888888888
1.0
0.23255813953488372
0.0
0.26666666666666666
0.20634920634920634
0.17721518987341772
0.1509433962264151
0.09090909090909091
0.125
0.05555555555555555
0.2222222222222222
0.18181818181818182
0.3
0.18181818181818182
0.058823529411764705
0.30434782608695654
0.136986301369863
0.13333333333333333
0.32
0.1875
0.3049645390070922
0.4
0.2857142857142857
0.6
0.4074074074074074
0.125
0.3157894736842105
0.2857142857142857
0.13636363636363635
0.13333333333333333
0.13333333333333333
0.3
0.0
0.16666666666666666
0.375
0.17647058823529413
0.3055555555555556
0.3333333333333333
0.5
0.3448275862068966
0.2
0.5714285714285714
0.3076923076923077
0.2222222222222222
0.25
0.2
0.1111111111111111
0.5238095238095238
0.5
0.4444444444444444
0.2978723404255319
1.0
0.1875
0.2727272727272727
0.3333333333333333
0.4
0.36363636363636365
0.375
0.125
0.125
0.08333333333333333
0.36363636363636365
0.2857142857142857
0.7222222222222222
0.3333333333333333
0.09090909090909091
0.3888888888888889
0.1
0.42857142857142855
0.23809523809523808
0.375
0.3076923076923077
0.4411764705882353
0.4
0.3125
0.5
0.39285714285714285
0.16666666666666666
0.2903225806451613
0.29411764705882354
0.3333333333333333
0.47058823529411764
0.25
0.6363636363636364
0.7777777777777778
0.1111111111111111
0.07692307692307693
0.5
0.5
0.36
0.6153846153846154
0.2
0.1
0.6
0.19047619047619047
0.20689655172413793
0.2727272727272727
0.25
0.25
0.25
0.3125
0.07142857142857142
0.10714285714285714
0.47368421052631576
0.25
0.2
0.2857142857142857
0.2727272727272727
0.125
0.4
0.2727272727272727
0.5
0.30434782608695654
0.4
0.3333333333333333
0.25
0.3333333333333333
0.2857142857142857
0.4444444444444444
0.09090909090909091
0.0
0.5
0.4444444444444444
0.39285714285714285
0.3125
0.4117647058823529
0.42857142857142855
0.25
0.1111111111111111
0.2857142857142857
0.45
0.3684210526315789
0.3684210526315789
0.11764705882352941
0.16666666666666666
0.4166666666666667
0.3125
0.25
0.2222222222222222
0.19230769230769232
0.0
0.16666666666666666
0.3333333333333333
0.3076923076923077
0.12
0.4
0.4
0.08333333333333333
0.0
0.45454545454545453
0.8571428571428571
0.8888888888888888
0.08333333333333333
0.14285714285714285
0.18421052631578946
0.13333333333333333
0.46153846153846156
0.06666666666666667
0.6363636363636364
0.0
0.043478260869565216
0.17647058823529413
0.6666666666666666
0.14285714285714285
0.0
0.3333333333333333
0.0
0.4444444444444444
0.6666666666666666
0.5416666666666666
0.1111111111111111
0.7777777777777778
0.0
0.08333333333333333
0.08333333333333333
0.2631578947368421
0.2222222222222222
0.5833333333333334
0.4117647058823529
0.0
0.5882352941176471
0.4262295081967213
0.36
0.2727272727272727
0.32
0.2
0.0
0.26666666666666666
0.2
0.375
0.26666666666666666
0.2916666666666667
0.2777777777777778
0.3333333333333333
0.2916666666666667
0.3333333333333333
0.125
0.2
0.23076923076923078
0.21428571428571427
0.125
0.18181818181818182
0.4117647058823529
0.3076923076923077
0.3684210526315789
0.16666666666666666
0.5
0.2619047619047619
0.5833333333333334
0.2
0.42857142857142855
0.21428571428571427
0.0
0.8333333333333334
0.8333333333333334
0.0
0.26666666666666666
0.3684210526315789
0.391304347826087
0.6666666666666666
0.2
0.25
0.29411764705882354
0.2857142857142857
0.42857142857142855
0.6521739130434783
0.375
0.39285714285714285
0.3333333333333333
0.29411764705882354
0.32432432432432434
0.2
0.19047619047619047
0.6875
0.08333333333333333
0.2222222222222222
0.1
0.2
0.05555555555555555
0.5263157894736842
0.3469387755102041
0.24
0.36363636363636365
0.5454545454545454
0.7142857142857143
0.17391304347826086
0.5
0.6153846153846154
0.03333333333333333
0.75
0.375
0.18181818181818182
0.1375
0.36363636363636365
0.6666666666666666
0.4444444444444444
0.3
0.125
0.4444444444444444
0.25
0.14285714285714285
0.23529411764705882
0.5319148936170213
0.125
0.3142857142857143
0.2222222222222222
0.3333333333333333
0.2413793103448276
0.36
0.18181818181818182
0.17857142857142858
0.125
0.125
0.3333333333333333
0.125
0.40625
0.7272727272727273
0.25806451612903225
0.0
0.1111111111111111
0.2
0.19696969696969696
0.1282051282051282
0.5
0.25
0.0
0.25
0.15384615384615385
0.4375
0.4
0.5294117647058824
0.5
0.30434782608695654
0.6666666666666666
0.35714285714285715
0.36
0.0
0.4166666666666667
0.4166666666666667
0.37037037037037035
0.38461538461538464
0.0
0.23076923076923078
0.8
0.8
0.4
0.5714285714285714
0.1308411214953271
0.5
0.45454545454545453
0.5
0.3333333333333333
0.375
0.5
0.35714285714285715
0.17647058823529413
0.16129032258064516
0.25
0.4166666666666667
0.3
0.4166666666666667
0.3333333333333333
0.2727272727272727
0.2777777777777778
0.05
0.5
0.4
0.5
0.5185185185185185
0.2222222222222222
0.44
0.2702702702702703
0.0
0.25
0.375
0.1935483870967742
0.14285714285714285
0.12121212121212122
0.42857142857142855
0.5
0.3333333333333333
0.1111111111111111
0.12121212121212122
0.21875
0.6
0.3333333333333333
0.3181818181818182
0.09090909090909091
0.06666666666666667
0.06666666666666667
0.0
0.4
0.3333333333333333
0.5
0.2727272727272727
0.38461538461538464
0.1509433962264151
0.4
0.0
0.26666666666666666
0.4
0.16666666666666666
0.1111111111111111
0.14285714285714285
0.0
0.14285714285714285
0.1
0.3333333333333333
0.42857142857142855
0.4444444444444444
0.14285714285714285
0.35714285714285715
0.35714285714285715
0.16666666666666666
0.38095238095238093
0.75
0.1111111111111111
0.3333333333333333
0.3469387755102041
0.2222222222222222
0.5
0.36
0.30434782608695654
0.35
0.2
0.42857142857142855
0.1875
0.27586206896551724
0.375
0.125
0.19753086419753085
0.375
0.5714285714285714
0.3888888888888889
0.2727272727272727
0.09090909090909091
0.42857142857142855
0.2727272727272727
0.23076923076923078
0.35714285714285715
0.14285714285714285
0.5
0.22
0.25
0.375
0.5
0.46153846153846156
0.0
0.6666666666666666
0.21428571428571427
0.16666666666666666
0.6363636363636364
0.3125
0.16666666666666666
0.13333333333333333
0.09090909090909091
0.2857142857142857
0.29411764705882354
0.75
0.8333333333333334
0.35
0.4375
0.2857142857142857
0.45
0.42857142857142855
0.4666666666666667
0.6428571428571429
0.5
0.46153846153846156
0.19230769230769232
0.625
0.21739130434782608
0.11764705882352941
0.3333333333333333
0.32075471698113206
0.15384615384615385
0.23684210526315788
0.18181818181818182
0.38181818181818183
0.47368421052631576
0.30434782608695654
0.3
0.3333333333333333
0.16666666666666666
0.6875
0.4166666666666667
0.5
0.05263157894736842
0.16666666666666666
0.3333333333333333
0.0625
0.1111111111111111
0.06666666666666667
0.2903225806451613
0.16129032258064516
0.25925925925925924
0.4444444444444444
0.3333333333333333
0.4074074074074074
0.30434782608695654
0.5555555555555556
0.125
0.47368421052631576
0.07692307692307693
0.2857142857142857
0.3333333333333333
0.21428571428571427
0.2222222222222222
0.35294117647058826
0.34782608695652173
0.21428571428571427
0.18867924528301888
0.3076923076923077
0.2857142857142857
0.05555555555555555
0.45454545454545453
0.1
0.4
0.2
0.7272727272727273
0.3870967741935484
0.35294117647058826
0.22727272727272727
0.2857142857142857
0.5
0.3333333333333333
0.5714285714285714
0.10344827586206896
0.12
0.3684210526315789
0.13333333333333333
0.05555555555555555
0.4375
0.42857142857142855
0.16666666666666666
0.36363636363636365
0.29411764705882354
0.2608695652173913
0.09090909090909091
0.6
0.36363636363636365
0.375
0.36363636363636365
0.14754098360655737
0.12
0.16666666666666666
0.06666666666666667
0.2777777777777778
0.3448275862068966
0.2
0.3170731707317073
0.3
0.18181818181818182
0.16666666666666666
0.3157894736842105
0.18518518518518517
0.5384615384615384
0.45714285714285713
0.16666666666666666
0.0
0.28125
0.0
0.0
0.28205128205128205
0.25
0.3
0.25
0.5
0.3684210526315789
0.041666666666666664
0.2413793103448276
0.07692307692307693
0.18292682926829268
0.35
0.25
0.12195121951219512
0.29411764705882354
0.4166666666666667
0.4166666666666667
0.5
0.30434782608695654
0.5
0.23809523809523808
0.6
0.5555555555555556
0.08333333333333333
0.52
0.19230769230769232
0.47368421052631576
0.46153846153846156
0.5
0.3333333333333333
0.5
0.0
0.5384615384615384
0.25
0.4
0.2222222222222222
0.5
0.36666666666666664
0.391304347826087
0.23529411764705882
0.18181818181818182
0.25
0.5
0.6666666666666666
0.2857142857142857
0.0
1.0
0.2777777777777778
0.18181818181818182
0.23333333333333334
0.07692307692307693
0.3125
0.38095238095238093
0.2857142857142857
0.4
0.05
0.3614457831325301
0.3448275862068966
0.3333333333333333
0.10526315789473684
0.22580645161290322
0.1568627450980392
0.1875
0.2222222222222222
0.23076923076923078
0.55
0.2222222222222222
0.2727272727272727
0.37681159420289856
0.125
0.7777777777777778
0.2
0.5
0.2857142857142857
0.2553191489361702
0.13953488372093023
0.3333333333333333
0.4583333333333333
0.18181818181818182
0.28
0.3333333333333333
0.3333333333333333
0.2916666666666667
0.0
0.18421052631578946
0.3333333333333333
0.2
0.0
0.42857142857142855
0.09090909090909091
0.42857142857142855
0.13333333333333333
0.12244897959183673
0.37037037037037035
0.29896907216494845
0.3333333333333333
0.26666666666666666
0.3888888888888889
0.42857142857142855
0.4444444444444444
0.5454545454545454
0.2903225806451613
0.3076923076923077
0.7142857142857143
0.2
0.14814814814814814
0.3333333333333333
0.22857142857142856
0.15384615384615385
0.0
0.14285714285714285
0.2222222222222222
0.45454545454545453
0.45454545454545453
0.2692307692307692
0.21428571428571427
0.0
0.09090909090909091
0.2682926829268293
0.18181818181818182
0.5
0.38461538461538464
0.13636363636363635
0.15384615384615385
0.6206896551724138
0.16666666666666666
0.3684210526315789
0.5
0.4444444444444444
0.16666666666666666
0.45454545454545453
0.5
0.2
0.17857142857142858
0.14285714285714285
0.16666666666666666
0.13333333333333333
0.375
0.3333333333333333
0.16666666666666666
0.3333333333333333
0.25
0.0
0.30434782608695654
0.2222222222222222
0.2
0.15384615384615385
0.3
0.4166666666666667
0.375
0.3684210526315789
0.29411764705882354
0.2222222222222222
0.36363636363636365
0.35714285714285715
0.3157894736842105
0.375
0.375
0.125
0.6129032258064516
0.42857142857142855
0.4523809523809524
0.5
0.1
0.4
0.3181818181818182
0.42857142857142855
0.07692307692307693
0.09523809523809523
0.4838709677419355
0.18181818181818182
0.18181818181818182
0.2
0.3333333333333333
0.36363636363636365
0.2222222222222222
0.4
0.36585365853658536
0.26666666666666666
0.10526315789473684
0.38461538461538464
0.6666666666666666
0.625
0.2222222222222222
0.12
0.36363636363636365
0.29411764705882354
0.2571428571428571
0.47058823529411764
0.21951219512195122
0.26666666666666666
0.2857142857142857
0.5454545454545454
0.391304347826087
0.1111111111111111
0.15789473684210525
0.07692307692307693
0.08333333333333333
0.15254237288135594
0.4666666666666667
0.06521739130434782
0.4666666666666667
0.17647058823529413
0.5
0.5
0.8125
0.16279069767441862
0.23529411764705882
0.21212121212121213
0.36363636363636365
0.4666666666666667
0.4411764705882353
0.2727272727272727
0.16666666666666666
0.16
0.6666666666666666
0.6666666666666666
0.4411764705882353
0.3333333333333333
0.2857142857142857
0.3333333333333333
0.14285714285714285
0.39473684210526316
0.5555555555555556
0.2222222222222222
0.07692307692307693
0.625
0.625
0.4444444444444444
0.3076923076923077
0.3076923076923077
0.5
0.06896551724137931
0.5555555555555556
0.625
0.3684210526315789
0.358974358974359
0.8
0.6666666666666666
0.38461538461538464
0.25
0.5
0.42857142857142855
0.3333333333333333
0.3125
0.34615384615384615
0.3157894736842105
0.5714285714285714
0.3
0.1388888888888889
0.3793103448275862
0.2
0.5
0.5
0.4444444444444444
0.3125
0.1
0.3333333333333333
0.25
0.17647058823529413
0.5454545454545454
1.0
0.26666666666666666
0.6111111111111112
0.09016393442622951
0.21052631578947367
0.42857142857142855
0.43333333333333335
0.3333333333333333
0.5
0.06060606060606061
0.2857142857142857
0.375
0.1875
0.375
0.5
0.10256410256410256
0.3333333333333333
0.5714285714285714
0.6666666666666666
0.4782608695652174
0.46153846153846156
0.16326530612244897
0.41935483870967744
0.3181818181818182
0.07142857142857142
0.2222222222222222
0.7307692307692307
0.4074074074074074
0.46153846153846156
0.25
0.18181818181818182
0.5238095238095238
0.4
0.16
0.21428571428571427
0.14285714285714285
0.2909090909090909
0.21818181818181817
0.47619047619047616
0.391304347826087
0.0
0.3684210526315789
0.5
0.375
0.45454545454545453
0.3
0.14285714285714285
0.3333333333333333
0.5714285714285714
0.2
0.06666666666666667
0.0
0.5
0.38461538461538464
0.23529411764705882
0.23809523809523808
0.19047619047619047
0.13636363636363635
0.40540540540540543
0.2
0.23076923076923078
0.4
0.041666666666666664
0.5
0.2777777777777778
0.5
0.5454545454545454
0.1111111111111111
0.5789473684210527
0.2
0.2222222222222222
0.3333333333333333
0.0
0.09090909090909091
0.2857142857142857
0.7647058823529411
0.15
0.42857142857142855
0.15384615384615385
0.21052631578947367
0.46153846153846156
0.16666666666666666
0.1935483870967742
0.07692307692307693
0.07692307692307693
0.06666666666666667
0.125
0.4
0.37254901960784315
0.5
0.2
0.375
0.2
0.125
0.16666666666666666
0.043478260869565216
0.25
0.3793103448275862
0.6666666666666666
0.6666666666666666
0.375
0.6923076923076923
0.07692307692307693
0.125
0.36363636363636365
0.18
0.09090909090909091
0.23863636363636365
0.2857142857142857
0.4
0.0
0.4
0.4444444444444444
0.4375
0.3333333333333333
0.4358974358974359
0.4166666666666667
0.42105263157894735
0.3142857142857143
0.5454545454545454
0.2857142857142857
0.21428571428571427
0.35294117647058826
0.35
0.4642857142857143
0.15
0.12
0.47619047619047616
0.6078431372549019
0.2631578947368421
0.3333333333333333
0.38095238095238093
0.42105263157894735
0.47058823529411764
0.1
0.4166666666666667
0.125
0.2682926829268293
0.3
0.36363636363636365
0.1794871794871795
0.46153846153846156
0.4
0.4
0.46153846153846156
0.1
0.2727272727272727
0.3333333333333333
0.35714285714285715
0.34285714285714286
0.17391304347826086
0.6666666666666666
0.18518518518518517
0.275
0.14705882352941177
0.0
0.11764705882352941
0.2
0.12121212121212122
0.5294117647058824
0.3333333333333333
0.3411764705882353
0.10526315789473684
0.2631578947368421
0.3076923076923077
0.5454545454545454
0.25806451612903225
0.75
0.17647058823529413
0.4
0.30120481927710846
0.5555555555555556
0.7142857142857143
0.21428571428571427
0.4
0.3333333333333333
0.4117647058823529
0.45161290322580644
0.75
0.4482758620689655
0.19047619047619047
0.16923076923076924
0.2727272727272727
0.3076923076923077
0.42857142857142855
0.5925925925925926
0.35714285714285715
0.4166666666666667
0.33
0.1875
0.4
0.14285714285714285
0.3888888888888889
0.0
0.08333333333333333
0.3333333333333333
0.38461538461538464
0.42857142857142855
0.7
0.5
0.5555555555555556
0.2619047619047619
0.22666666666666666
0.2682926829268293
0.14814814814814814
0.0
0.35714285714285715
0.5714285714285714
0.1111111111111111
0.375
0.22666666666666666
0.2028985507246377
0.10714285714285714
0.0
0.2962962962962963
0.225
0.3611111111111111
0.3888888888888889
0.19047619047619047
0.23076923076923078
0.5
0.42105263157894735
0.4444444444444444
0.5
0.2857142857142857
0.14285714285714285
0.32786885245901637
0.36363636363636365
0.23529411764705882
0.375
0.24
0.47368421052631576
0.25
0.2608695652173913
0.36363636363636365
0.1875
0.5625
0.25
0.2
0.0
0.2727272727272727
0.5
0.1875
0.44
0.27906976744186046
0.23076923076923078
0.5666666666666667
0.43243243243243246
0.75
0.2
0.3333333333333333
0.26666666666666666
0.08333333333333333
0.16666666666666666
0.0
0.037037037037037035
0.0
0.16666666666666666
0.19298245614035087
0.08333333333333333
0.08695652173913043
0.09090909090909091
0.3333333333333333
0.47058823529411764
0.3333333333333333
0.4714285714285714
0.16666666666666666
0.3333333333333333
0.25
0.27586206896551724
0.3902439024390244
0.7
0.5882352941176471
0.5555555555555556
0.36585365853658536
0.3
0.7142857142857143
0.7142857142857143
0.42857142857142855
0.4444444444444444
0.39664804469273746
0.45
0.45
0.391304347826087
0.1875
0.6666666666666666
0.5
0.5
0.24242424242424243
0.2
0.5
0.0
0.3333333333333333
0.34285714285714286
0.4166666666666667
0.4444444444444444
0.4090909090909091
0.2
0.07142857142857142
0.1956521739130435
0.25
0.45454545454545453
0.23076923076923078
0.3673469387755102
0.25
0.4
0.5
0.4090909090909091
0.3235294117647059
0.23076923076923078
0.23076923076923078
0.13333333333333333
0.3023255813953488
0.25
0.4444444444444444
0.5384615384615384
0.42857142857142855
0.5
0.3333333333333333
0.5
0.3220338983050847
1.0
0.2857142857142857
0.5357142857142857
0.24074074074074073
0.5416666666666666
0.22727272727272727
0.8
0.15625
0.0
0.3333333333333333
0.25
0.3
0.0
0.2631578947368421
0.05263157894736842
0.1935483870967742
0.3333333333333333
0.6666666666666666
0.5
0.2857142857142857
0.0
0.6
0.42857142857142855
0.20833333333333334
0.5625
0.42105263157894735
0.13333333333333333
0.08
0.45454545454545453
0.2222222222222222
0.4
0.7058823529411765
0.125
0.2777777777777778
0.1875
0.3
0.2222222222222222
0.24
0.21621621621621623
0.2318840579710145
0.36363636363636365
0.3125
0.5
0.3333333333333333
0.6842105263157895
0.1111111111111111
0.1875
0.0
0.6
0.0
0.0
0.0
0.3448275862068966
0.16666666666666666
0.09090909090909091
0.3333333333333333
0.3333333333333333
0.36363636363636365
0.2
0.09090909090909091
1.0
0.36363636363636365
0.2
0.125
0.25
0.5384615384615384
0.3125
0.47368421052631576
0.13333333333333333
0.16666666666666666
0.15
0.0
0.3404255319148936
0.0
0.0
0.0
0.2857142857142857
0.19402985074626866
0.34285714285714286
0.16666666666666666
0.5555555555555556
0.5
0.0
0.2727272727272727
0.3
0.35714285714285715
0.13333333333333333
0.4074074074074074
0.5
0.17391304347826086
0.5
0.3783783783783784
0.1111111111111111
0.2857142857142857
0.375
0.18604651162790697
0.38461538461538464
0.21739130434782608
0.12903225806451613
0.4444444444444444
0.5
0.3333333333333333
0.15384615384615385
0.26666666666666666
0.13953488372093023
0.2222222222222222
0.5
0.3770491803278688
0.2916666666666667
0.29411764705882354
0.25
0.5
0.6
0.5102040816326531
0.09090909090909091
0.3333333333333333
0.4117647058823529
0.22580645161290322
0.3333333333333333
0.08695652173913043
0.21052631578947367
0.375
0.3125
0.26666666666666666
0.2553191489361702
0.25
0.5384615384615384
0.3
0.125
0.36363636363636365
0.22580645161290322
0.4
0.2
0.5
0.2
0.375
0.5555555555555556
0.6
0.20833333333333334
0.10714285714285714
0.38095238095238093
0.3
0.16666666666666666
0.4782608695652174
0.2
0.42857142857142855
0.2857142857142857
0.23076923076923078
0.36363636363636365
0.09523809523809523
0.4583333333333333
0.2692307692307692
0.21052631578947367
0.3333333333333333
0.13333333333333333
0.16666666666666666
0.08333333333333333
0.07142857142857142
0.16666666666666666
0.35294117647058826
0.11538461538461539
0.4444444444444444
0.30434782608695654
0.13559322033898305
0.08333333333333333
0.2631578947368421
0.23529411764705882
0.2
0.20833333333333334
0.0
0.2
0.18181818181818182
0.3333333333333333
0.18181818181818182
0.15
0.07692307692307693
0.25
0.05
0.25
0.0
0.2222222222222222
0.2
0.4166666666666667
0.2222222222222222
0.14285714285714285
0.3
0.2727272727272727
0.25
0.4375
0.0
0.4074074074074074
0.4117647058823529
0.36363636363636365
0.16
0.34782608695652173
0.265625
0.358974358974359
0.18518518518518517
0.2903225806451613
0.38461538461538464
0.2
0.15384615384615385
0.3333333333333333
0.25925925925925924
0.34615384615384615
0.23529411764705882
0.3333333333333333
0.21428571428571427
0.18571428571428572
0.4
0.18181818181818182
0.23529411764705882
1.0
0.2631578947368421
0.2222222222222222
0.6666666666666666
0.7142857142857143
0.017857142857142856
0.5641025641025641
0.23880597014925373
0.18181818181818182
0.3157894736842105
0.2577777777777778
0.7058823529411765
0.16326530612244897
0.13043478260869565
0.14285714285714285
0.42857142857142855
0.11538461538461539
0.0
0.36065573770491804
0.47058823529411764
0.3076923076923077
0.3006535947712418
0.7142857142857143
0.3103448275862069
0.18181818181818182
0.23809523809523808
0.23076923076923078
0.2222222222222222
0.058823529411764705
0.2571428571428571
0.25
0.2
0.3448275862068966
0.2222222222222222
0.15625
0.2857142857142857
0.11764705882352941
0.4
0.4444444444444444
0.2558139534883721
0.125
0.46153846153846156
0.8
0.5714285714285714
0.0
0.1276595744680851
0.15789473684210525
0.4444444444444444
0.23333333333333334
0.3333333333333333
0.2
0.34782608695652173
0.14285714285714285
0.14285714285714285
0.17857142857142858
0.09090909090909091
0.2300469483568075
0.30434782608695654
0.17647058823529413
0.1896551724137931
0.23529411764705882
0.2
0.12195121951219512
0.1111111111111111
0.16666666666666666
0.38636363636363635
0.2631578947368421
0.25925925925925924
0.36363636363636365
0.2631578947368421
0.4883720930232558
0.3333333333333333
0.125
0.125
0.3684210526315789
0.391304347826087
0.35
0.34782608695652173
0.3076923076923077
0.4444444444444444
0.3333333333333333
0.5
0.25
0.2777777777777778
0.08108108108108109
0.0
0.6666666666666666
0.28
0.3333333333333333
0.28
0.23076923076923078
0.0
0.36363636363636365
0.0
0.16981132075471697
0.25
0.45
0.3
0.3235294117647059
0.08333333333333333
0.34782608695652173
0.41025641025641024
0.36363636363636365
0.3333333333333333
0.4
0.4166666666666667
0.21212121212121213
0.26666666666666666
0.2916666666666667
0.0
0.2222222222222222
1.0
0.16666666666666666
0.3333333333333333
0.44
0.3333333333333333
0.3
0.3076923076923077
0.3333333333333333
0.34375
0.36363636363636365
0.43333333333333335
1.0
0.5
0.36363636363636365
0.6666666666666666
0.2
0.3125
0.375
0.5625
0.3333333333333333
0.18181818181818182
0.5555555555555556
0.39622641509433965
0.48
0.2647058823529412
0.3333333333333333
0.0
0.0625
0.06666666666666667
0.2962962962962963
0.5714285714285714
0.0
0.2727272727272727
0.5833333333333334
0.3076923076923077
0.2222222222222222
0.14285714285714285
0.16666666666666666
0.30434782608695654
0.25
0.25
0.29411764705882354
0.09523809523809523
0.3111111111111111
0.3548387096774194
0.375
0.34782608695652173
0.23333333333333334
0.2222222222222222
0.125
0.125
0.17582417582417584
0.175
0.0
0.25
0.26666666666666666
0.2727272727272727
0.4074074074074074
0.0
0.2
0.15789473684210525
0.18181818181818182
0.2549019607843137
0.35714285714285715
0.23076923076923078
0.3076923076923077
0.25
0.7142857142857143
0.2857142857142857
0.375
0.09090909090909091
0.5714285714285714
0.2857142857142857
0.125
0.4074074074074074
0.16666666666666666
0.2647058823529412
0.23076923076923078
0.6
0.5
0.25
0.16666666666666666
0.0
0.15384615384615385
0.15555555555555556
0.1111111111111111
0.13793103448275862
0.0
0.0
0.14285714285714285
0.5263157894736842
0.0
0.2727272727272727
0.4166666666666667
0.0
0.5
0.6
0.5416666666666666
0.2222222222222222
0.125
0.14516129032258066
0.3333333333333333
0.48
0.36363636363636365
0.3333333333333333
0.35294117647058826
0.06666666666666667
0.05263157894736842
0.46153846153846156
0.18181818181818182
0.13333333333333333
0.1111111111111111
0.32142857142857145
0.4
0.5
0.36363636363636365
0.2647058823529412
0.3181818181818182
0.3125
0.29411764705882354
0.42105263157894735
0.35294117647058826
0.6666666666666666
0.4444444444444444
0.3333333333333333
0.2
0.25
0.4166666666666667
0.42857142857142855
0.38461538461538464
0.10714285714285714
0.3181818181818182
0.6666666666666666
0.5
0.09523809523809523
0.26666666666666666
0.1
0.21739130434782608
0.2
0.0
0.08333333333333333
0.04
0.35714285714285715
0.17647058823529413
0.3333333333333333
0.42857142857142855
0.21052631578947367
0.15384615384615385
0.0
0.5
0.09090909090909091
0.13043478260869565
0.3225806451612903
0.2
0.5
0.2777777777777778
0.47058823529411764
0.1702127659574468
1.0
0.2
0.13636363636363635
0.6
0.0625
0.3103448275862069
0.3333333333333333
0.4166666666666667
0.18518518518518517
0.5714285714285714
0.2222222222222222
0.2
0.0
0.13636363636363635
0.12121212121212122
0.04
0.2
0.33962264150943394
0.25
0.16666666666666666
0.2
0.35714285714285715
0.4942528735632184
0.2857142857142857
0.0
0.2711864406779661
0.1111111111111111
0.16666666666666666
0.058823529411764705
0.15384615384615385
0.375
0.06666666666666667
0.36363636363636365
0.1111111111111111
0.23809523809523808
0.125
0.2727272727272727
0.2
0.36666666666666664
0.3333333333333333
0.35714285714285715
0.16666666666666666
0.3333333333333333
0.6
0.3333333333333333
0.3333333333333333
0.18181818181818182
0.0
0.6153846153846154
0.5625
0.36363636363636365
0.5555555555555556
0.09090909090909091
0.55
0.4482758620689655
0.16666666666666666
0.3333333333333333
0.13333333333333333
0.24
0.625
0.2236842105263158
0.18181818181818182
0.0
0.0
0.22448979591836735
0.2
0.45
0.17391304347826086
0.35
0.2857142857142857
0.3333333333333333
0.2631578947368421
0.08695652173913043
0.2
0.6153846153846154
0.14285714285714285
0.16279069767441862
0.18518518518518517
0.3191489361702128
0.2857142857142857
0.38461538461538464
0.14285714285714285
0.35443037974683544
0.35714285714285715
0.125
0.2631578947368421
0.2903225806451613
0.21052631578947367
0.2857142857142857
0.16666666666666666
0.7368421052631579
0.0
0.6190476190476191
0.07692307692307693
0.25
0.25
0.6
0.4
0.1111111111111111
0.23809523809523808
0.125
0.36363636363636365
0.15517241379310345
0.25
0.3076923076923077
0.0
0.1111111111111111
0.09090909090909091
0.375
0.14285714285714285
0.3333333333333333
0.3333333333333333
0.2857142857142857
0.2857142857142857
0.3333333333333333
0.16666666666666666
0.21739130434782608
0.2
0.14285714285714285
0.18181818181818182
0.4
0.4666666666666667
0.3333333333333333
0.42857142857142855
0.47058823529411764
0.19230769230769232
0.16129032258064516
0.16666666666666666
0.2698412698412698
0.3389830508474576
0.25806451612903225
0.14285714285714285
0.5185185185185185
0.3888888888888889
0.38461538461538464
0.375
0.0
0.125
0.35714285714285715
0.28125
0.5
0.42857142857142855
0.5
0.4375
0.17346938775510204
0.3181818181818182
0.4
0.375
0.16666666666666666
0.6
0.5
0.21428571428571427
0.2
0.47058823529411764
0.17857142857142858
0.4444444444444444
0.16666666666666666
0.2777777777777778
0.3
0.1038961038961039
0.0
0.5625
0.29411764705882354
0.1
0.3333333333333333
0.23529411764705882
0.0967741935483871
0.14285714285714285
0.28
0.18181818181818182
0.29411764705882354
0.3125
0.14285714285714285
0.125
0.14285714285714285
0.1388888888888889
0.3829787234042553
0.6428571428571429
0.3
0.3
0.4166666666666667
0.23076923076923078
0.3333333333333333
0.5
0.25
0.21739130434782608
0.34615384615384615
0.16666666666666666
0.2727272727272727
0.125
0.21052631578947367
0.45454545454545453
0.631578947368421
0.3333333333333333
0.375
0.2222222222222222
0.18181818181818182
0.12
0.0
0.25
0.15789473684210525
0.375
0.75
0.36363636363636365
0.2
0.17647058823529413
0.23809523809523808
0.3333333333333333
0.23076923076923078
0.18181818181818182
0.2777777777777778
0.16666666666666666
0.2727272727272727
0.25
0.6
0.22580645161290322
0.0
0.375
0.0967741935483871
0.36363636363636365
0.0
0.5238095238095238
0.3333333333333333
0.45454545454545453
0.2702702702702703
0.4
0.25
0.12121212121212122
0.3125
0.23157894736842105
0.25
0.375
0.11764705882352941
0.2727272727272727
0.2916666666666667
0.3333333333333333
0.3333333333333333
0.21052631578947367
0.16666666666666666
0.15384615384615385
0.14285714285714285
0.2222222222222222
1.0
0.5384615384615384
0.34615384615384615
0.2
0.4
0.5
0.1111111111111111
0.18604651162790697
0.26666666666666666
0.375
0.29411764705882354
0.25
0.13333333333333333
0.45454545454545453
0.1111111111111111
0.6923076923076923
0.65
0.23076923076923078
0.2727272727272727
0.16666666666666666
0.7272727272727273
0.2
0.5
0.125
0.34782608695652173
0.5238095238095238
0.16666666666666666
0.0
0.3448275862068966
0.2
0.4
0.6666666666666666
