Qst	Promo Disc
===========================
151777 151940 9148893
419184 439486 4545437
454315 456941 18529339
477572 823966 20718356
531427 4325239 20586544
541966 559781 24339989
574195 12439378 4129191
600207 5921190 24729110
660151 911407 16862490
867518 3427058 17738487
1016896 4847027 24168871
1101380 8097801 26555414
1109022 1109108 26666696
1397361 3419987 26134056
1556987 5273295 24473783
1560788 4009133 21471645
1667278 2969715 5093734
1724937 7429366 12022627
1851633 12298472 25971064
2091465 2091482 20584974
2130932 2131051 25304225
2139134 2141166 20234920
2150078 4737265 24558553
2160619 6763689 24962497
2169649 2636538 19854415
2201917 12213252 25659478
2217753 7649880  14477694
2271131 8008216	24879369
2317428 2318356 11867718
2322234 5626213 9045507
2403632 2418314 25764891
2459916 3292810 24938889
2471935 9288544 12437754
2591036 2591311 12579068
2617266 7875656 15431632
2644134 2644266	13772131
2695746 5097838 14027682
2736389 7827593 16365132
2780102 7596063 26139304
2795833 6236110 22375569
2973270	5185587 11126637
3035692 3035869 10044003
3145089 3145655 24549771
3166501 5323437 3166551
3226495 3226743 16332569
3331527 8497703 17922680
3349121 4401227 25191846
3495890 3495908 22751867
3611457 16599549 26601009
3624280 3624311 25891286
3647993 4105966 4464674
3916330 3916700 24026132
3996938 6931618 12484767
4165414 11656129 26417291
4605527 9563438 15495497
4617898 4618185 14810791
4894885 4894936 14183719
4946295 13381228 26683836
5033012 5535672 16879984
5105354 5106399 26034764
5357455 8272212 24632346
5495225 6946936 13122204
5694933 15612964 25993873
5763304 5763815 5763338
5832368 9624844 17867711
6070805 6070857 24649791
6176391 6486348 25133309
6200533 6200598 25483262
6290531 6290587 24158002
6330260 6330456 8987735
6343166 6343299 26662873
6495898 6496013 26331955
6520718 6521076 17189717
7723964 9127423 23218415
8181828 10198865 24809944
8500283 14167949 23028870
11281010 13648873 22372292
11321129 14364222 26251197
11444238 12345118 15975836
16143562 16143710 16143652