1109022,
151777,
541966,
1016896,
6343166,
477572,
2591036,
3145089,
2201917,
5033012,
600207,
3035692,
1560788,
2091465,
531427,
2139134,
6495898,
3166501,
4605527,
2736389,
2150078,
6200533,
867518,
2471935,
3624280,
2459916,
1667278,
2795833,
2317428,
3495890,
1397361,
2169649,
2403632,
2644134,
2695746,
4946295,
7723964,
8500283,
3331527,
11444238,
5105354,
2130932,
2617266,
2160619,
454315,
3226495,
1556987,
2322234,
5832368,
1101380,
5694933,
2973270,
419184,
6330260,
2271131,
3349121,
4165414,
2780102,
6290531,
574195,
1851633,
5357455,
2217753,
3647993,
3611457,
11281010,
8181828,
3916330,
5763304,
11321129,
660151,
6520718,
6176391,
4617898,
3996938,
6070805,
4894885,
1724937,
5495225,
16143562,
13739785