151777 151822 220
151777 151940 1151
151777 2785419 39
151777 2893765 10
151777 2909211 181
151777 3584836 82
151777 6457934 21
151777 6495812 29
151777 9148893 17
151777 9956341 9
151777 12277349 8
151777 12983901 62
151777 14257820 -7
151777 23115933 3
419184 439486 26
419184 851165 20
419184 986554 2
419184 4545437 0
419184 4765829 0
419184 6211214 65
419184 6981892 1
419184 7078523 5
419184 11310771 0
419184 13806604 0
419184 13895140 8
419184 18591311 0
419184 19357199 0
419184 22424045 1
454315 456941 112
454315 3401023 12
454315 3930115 77
454315 6842958 4
454315 9867761 1
454315 11167219 4
454315 13928593 8
454315 14359251 8
454315 18529339 0
454315 19823960 1
454315 20936275 9
454315 23019434 2
454315 25211092 0
477572 552403 17
477572 823966 575
477572 3549021 245
477572 4117431 8
477572 6062032 18
477572 6116316 36
477572 6235991 8
477572 7116158 34
477572 8415366 9
477572 8527745 140
477572 9436548 7
477572 9896387 7
477572 10127787 180
477572 10964402 9
477572 12107692 24
477572 12688726 8
477572 13157505 5
477572 13204525 5
477572 13656169 27
477572 13792186 2
477572 14673834 6
477572 14731953 5
477572 15698823 -3
477572 17638009 3
477572 17833438 1
477572 18503779 0
477572 18544069 2
477572 20397338 0
477572 20718356 0
477572 21333347 1
531427 2888607 92
531427 2932703 5
531427 4147631 12
531427 4238588 6
531427 4325239 78
531427 8004498 25
531427 9079031 0
531427 9938201 8
531427 10650442 2
531427 11210367 16
531427 11336057 3
531427 11609799 11
531427 14064584 2
531427 16251890 1
531427 17663235 0
531427 18807490 24
531427 20586544 0
531427 21906829 0
531427 25083261 2
541966 559781 586
541966 2773496 65
541966 3466952 96
541966 7861011 54
541966 14827292 9
541966 17090817 10
541966 17716992 2
541966 17775153 1
541966 17917897 4
541966 18281334 2
541966 18592615 3
541966 19392742 12
541966 22862991 8
541966 23798872 3
541966 24339989 0
574195 659810 2
574195 1309821 95
574195 4129191 0
574195 4132198 0
574195 4181530 9
574195 5375841 1
574195 6781064 3
574195 7115040 22
574195 7334252 16
574195 9375105 3
574195 12439378 18
574195 26190016 1
600207 3780768 10
600207 4976311 2
600207 4976378 29
600207 5921190 611
600207 6070918 21
600207 12448802 1
600207 16789071 1
600207 17435583 0
600207 22681644 0
600207 24729110 0
600207 25172051 0
660151 660671 3
660151 911407 8
660151 2112807 3
660151 4341748 17
660151 4438248 -1
660151 6351859 10
660151 8460635 1
660151 9275658 6
660151 15963573 2
660151 16862490 0
660151 17723635 0
867518 3291885 26
867518 3427058 112
867518 3844894 8
867518 4101664 6
867518 5790662 83
867518 7701044 2
867518 8020125 2
867518 9840475 0
867518 12221309 80
867518 15807631 2
867518 17738487 0
867518 18139272 1
867518 19429843 0
867518 20532924 0
867518 22774285 5
867518 23005376 19
867518 23760798 0
867518 26475701 1
867518 26539868 0
1016896 1016941 1759
1016896 4847027 189
1016896 5573121 77
1016896 8600041 12
1016896 8763439 8
1016896 9772463 11
1016896 11077005 10
1016896 11226010 9
1016896 11623621 61
1016896 12936941 17
1016896 13913159 4
1016896 13954704 7
1016896 14056281 11
1016896 15444877 9
1016896 15699681 32
1016896 16131766 7
1016896 16511635 11
1016896 16691531 4
1016896 17327869 3
1016896 18282566 6
1016896 18466470 17
1016896 18694821 4
1016896 19746176 2
1016896 19841367 2
1016896 20655654 8
1016896 22114931 1
1016896 22936231 -2
1016896 24168871 1
1016896 25621575 1
1101380 1102367 7
1101380 2153646 1
1101380 6348009 3
1101380 6425854 1
1101380 6563615 27
1101380 8097801 63
1101380 15371209 8
1101380 15485210 18
1101380 22909547 0
1101380 23946045 0
1101380 23952951 7
1101380 24300186 0
1101380 26555414 0
1109022 1109108 1638
1109022 1845995 67
1109022 2059394 381
1109022 2247715 79
1109022 7094191 35
1109022 7696791 276
1109022 8494559 5
1109022 9041949 23
1109022 9401141 17
1109022 9494042 114
1109022 10439581 15
1109022 10442532 22
1109022 10593138 9
1109022 12430318 10
1109022 13925047 2
1109022 15396882 5
1109022 15587937 18
1109022 15851463 9
1109022 16191917 3
1109022 16620746 4
1109022 16653355 1
1109022 17789187 51
1109022 18148069 7
1109022 18624972 2
1109022 18671531 9
1109022 19175363 2
1109022 19564101 0
1109022 20095505 4
1109022 20344271 5
1109022 21208462 0
1109022 22208996 1
1109022 23855355 3
1109022 24601425 0
1109022 25119481 4
1109022 25425660 2
1109022 26041064 0
1109022 26666696 0
1397361 1398485 0
1397361 3419987 83
1397361 3974828 262
1397361 6407136 2
1397361 9840253 10
1397361 11651252 9
1397361 16467733 46
1397361 16609040 0
1397361 17099094 0
1397361 17625797 8
1397361 26134056 0
1556987 1680404 4
1556987 2498596 31
1556987 4147640 3
1556987 5273295 74
1556987 6122140 2
1556987 6144657 18
1556987 6266976 5
1556987 8008265 10
1556987 11246907 3
1556987 12995235 2
1556987 12995363 1
1556987 13118894 2
1556987 16166677 2
1556987 22037675 2
1556987 24473783 0
1560788 1561056 34
1560788 1561241 3
1560788 2001824 246
1560788 3802783 57
1560788 4009133 624
1560788 4656606 20
1560788 5803489 26
1560788 8191568 0
1560788 9256972 3
1560788 11546687 1
1560788 11561895 6
1560788 11642475 3
1560788 12490784 4
1560788 13550792 0
1560788 14546768 0
1560788 17040627 2
1560788 17092484 3
1560788 17583324 0
1560788 19156687 0
1560788 19570488 1
1560788 20943594 0
1560788 21471645 -1
1560788 22203871 0
1560788 22256082 2
1560788 24489017 0
1560788 25664759 0
1667278 1667436 6
1667278 1667585 -3
1667278 1667790 3
1667278 1668563 0
1667278 2355736 0
1667278 2969715 18
1667278 4342549 101
1667278 5093734 0
1667278 5355866 16
1667278 6504381 4
1667278 9249147 2
1667278 9773975 1
1667278 13615838 3
1667278 16651918 0
1667278 17546198 6
1724937 1724951 12
1724937 1727553 1
1724937 1731056 0
1724937 1738061 5
1724937 5814687 0
1724937 7429366 8
1724937 9377808 0
1724937 9932034 3
1724937 11466822 0
1724937 12022627 0
1724937 12173692 2
1851633 1851833 71
1851633 6741505 6
1851633 7380922 3
1851633 8134635 5
1851633 12298472 31
1851633 13423467 3
1851633 16564096 2
1851633 16832209 1
1851633 18868596 3
1851633 19787728 3
1851633 23266451 0
1851633 24759755 0
1851633 25971064 0
2091465 2091482 225
2091465 2091756 12
2091465 7325248 574
2091465 12137344 4
2091465 13078360 6
2091465 13100481 1
2091465 15088375 0
2091465 16733899 19
2091465 17379703 0
2091465 19982438 0
2091465 20473548 0
2091465 20584974 0
2091465 21602897 12
2091465 24285468 2
2091465 25822755 0
2091465 26484522 1
2130932 2131051 300
2130932 4435708 50
2130932 5156626 8
2130932 7439425 24
2130932 9331303 2
2130932 9497252 5
2130932 9990400 9
2130932 11195107 2
2130932 18424875 -1
2130932 24118609 0
2130932 25304225 0
2130932 26608179 0
2139134 2139291 50
2139134 2141166 320
2139134 2236529 1
2150078 2151269 1
2160619 2161172 -3
2169649 2169663 8
2201917 2201999 779
2217753 2218080 0
2271131 2271305 105
2271131 2271609 20
2317428 2318356 233
2322234 2322243 13
2322234 2322494 80
2403632 2403977 5
2403632 2418314 169
2459916 2464130 7
2471935 2472175 123
2591036 2591311 641
2591036 2627952 243
2169649 2636538 216
2644134 2644187 59
2644134 2644266 44
2695746 2696617 129
2736389 2736612 251
2736389 2736843 26
2780102 2780475 97
2795833 2799001 299
3035692 3035869 417
3035692 3036187 139
2644134 3053781 33
2139134 3108968 3
3145089 3145142 5
3145089 3145655 596
3166501 3166551 5
3166501 3166582 249
3166501 3166584 32
3226495 3226743 174
3226495 3227153 9
2459916 3292810 308
2271131 3298318 35
3331527 3331673 92
3331527 3334865 5
3349121 3349461 1
2617266 3378422 20
2644134 3394281 35
2644134 3407871 467
3495890 3495908 151
3611457 3611554 6
3611457 3614089 75
3624280 3624311 79
3624280 3624358 329
3331527 3647046 12
2780102 3725602 79
2591036 3752646 327
2217753 3910673 28
3916330 3916700 38
2217753 3929656 14
3996938 3997654 0
3996938 3998642 5
3996938 4014580 4
2217753 4027964 6
3647993 4105966 90
3611457 4110994 22
4165414 4165536 9
4165414 4165892 0
4165414 4168116 15
3145089 4211547 4
3916330 4241146 2
3145089 4341313 2
2471935 4358853 20
3349121 4401227 75
2617266 4412586 3
2459916 4463262 5
3647993 4464674 -2
2169649 4470069 109
4617898 4618079 2
4617898 4618081 5
4617898 4618185 20
2695746 4646448 14
3349121 4705367 7
2150078 4737265 321
2322234 4743605 26
2169649 4812512 10
4617898 4839077 0
4894885 4894936 30
4894885 4894991 1
2695746 4910874 5
3996938 4915908 0
4946295 4950968 13
2617266 5006518 3
2973270 5028569 0
5033012 5033573 1
2795833 5072754 16
2695746 5097838 168
5105354 5106399 155
2317428 5117254 104
4946295 5122460 104
2973270 5185587 85
2459916 5188171 5
2459916 5252726 24
2317428 5260285 2
5033012 5280436 6
5033012 5293261 5
3166501 5323437 108
2201917 5327690 24
5357455 5357531 4
5357455 5368816 15
2471935 5389653 7
2139134 5451251 8
5495225 5495249 1
2160619 5504572 12
3611457 5512065 7
5033012 5535672 579
5495225 5546070 6
2322234 5550969 11
3996938 5564665 2
2322234 5626213 57
5694933 5695129 73
5763304 5763334 0
5763304 5763335 0
5763304 5763338 -2
5763304 5763815 65
5832368 5832391 9
5832368 5832816 -1
2471935 5847091 7
5495225 5896791 3
4617898 5943460 3
6070805 6070857 19
6070805 6070877 4
4894885 6095846 1
6176391 6177270 5
6200533 6200598 47
6200533 6200606 3
6200533 6200618 4
6200533 6200621 111
6200533 6200631 5
6200533 6200841 479
6200533 6201555 8
2795833 6236110 107
5357455 6264829 25
2271131 6278184 15
6290531 6290587 109
6290531 6290637 21
6290531 6290970 63
4605527 6327095 345
6330260 6330356 0
6330260 6330376 2
6330260 6330456 123
6343166 6343299 906
3145089 6387209 24
6176391 6486348 19
6495898 6496000 402
6495898 6496013 216
6495898 6496018 20
6520718 6520733 6
6520718 6520756 3
6520718 6520778 13
6520718 6521076 56
6520718 6526952 3
2169649 6543674 2
2150078 6633445 4
5763304 6686169 1
2160619 6763689 107
2795833 6786814 11
2271131 6843283 3
5033012 6897297 2
2736389 6923794 30
3996938 6931618 30
5495225 6946936 8
2644134 6959917 3
2139134 6973877 17
2644134 6987605 7
2644134 7004151 27
2217753 7037885 1
2736389 7103200 2
4894885 7151600 9
5033012 7288362 3
2617266 7288402 3
5495225 7320542 12
2169649 7353722 3
6176391 7376538 3
4946295 7410863 2
2736389 7454611 14
3916330 7480473 115
2973270 7497949 5
6330260 7524977 7
2973270 7580370 29
2780102 7596063 101
3166501 7627154 33
2217753 7649880 16
2736389 7683528 6
5105354 7699556 9
2403632 7724185 17
4617898 7754032 35
2459916 7779151 12
5105354 7784904 86
2591036 7790386 33
2736389 7827593 100
2617266 7875656 70
2780102 7887139 10
2403632 7894007 1
2271131 7922414 8
2795833 7937919 4
5033012 7943310 23
2139134 7984845 27
2271131 8008216 44
2403632 8018630 39
2695746 8052835 22
2217753 8106165 9
7723964 8149503 6
5694933 8152386 10
8181828 8181970 1
8181828 8181995 5
8181828 8182003 0
5832368 8222549 1
5357455 8272212 34
2795833 8280391 -1
5763304 8291144 17
3996938 8308471 0
3331527 8331092 1
7723964 8337574 4
2471935 8353790 6
4605527 8390420 55
3916330 8413543 0
3349121 8478654 0
2695746 8483920 32
3331527 8497703 52
8500283 8500327 4
8500283 8500332 0
8181828 8654048 1
6176391 8685193 1
3996938 8693524 2
2471935 8697618 3
4165414 8708490 14
2169649 8729626 5
3624280 8848837 9
6176391 8855244 0
3647993 8914291 29
4946295 8943002 5
2780102 8944286 26
4894885 8955087 4
6330260 8987735 1
5105354 8992365 3
2736389 9009808 4
2780102 9010685 2
2160619 9017248 1
2973270 9018189 1
2322234 9045507 -1
2271131 9051337 12
4946295 9061458 22
2150078 9087392 4
2150078 9108219 151
7723964 9127423 76
2471935 9159861 2
3035692 9199811 5
3331527 9234895 18
2217753 9257737 1
4605527 9274868 35
3916330 9286271 16
2471935 9288544 261
6343166 9289190 176
2644134 9293379 2
5694933 9315813 30
5832368 9326071 10
2695746 9359389 9
4946295 9385340 3
5832368 9386800 1
3035692 9390776 55
5694933 9406276 3
2403632 9477192 14
3166501 9491984 10
2644134 9495417 2
3916330 9499811 14
4605527 9563438 253
5832368 9590506 47
5832368 9624844 26
2271131 9696178 3
2695746 9732509 7
3226495 9735524 54
2591036 9786169 77
3145089 9811633 18
8181828 9876702 7
4605527 9904844 13
6330260 9906871 3
6495898 9911364 10
2644134 9959762 5
2139134 10024875 7
3035692 10044003 -4
2217753 10112497 0
3331527 10114854 0
8181828 10198865 48
3166501 10277570 7
5832368 10292598 2
5033012 10362790 2
6330260 10407660 19
5105354 10420979 57
2795833 10453034 24
6520718 10477206 6
3495890 10554824 2
3226495 10583664 12
3035692 10600736 244
2317428 10732990 3
6070805 10751989 16
3916330 10815600 3
2160619 10833835 2
2795833 10837288 3
2471935 10868129 15
2644134 10926688 3
3166501 10948031 170
6520718 10957849 13
2403632 10964161 3
2780102 10996562 -2
3624280 11027631 68
5832368 11041530 5
3145089 11049861 3
2736389 11120538 12
2973270 11126637 0
2403632 11134609 5
2403632 11155404 85
3495890 11157717 0
2201917 11185487 7
5763304 11211029 1
2780102 11229482 7
2160619 11247803 9
5832368 11378193 0
4165414 11448223 1
6200533 11465007 5
3145089 11472772 11
2217753 11648614 5
4165414 11656129 169
2459916 11789561 4
2317428 11867718 1
5033012 11902987 25
4165414 11907465 1
6176391 11947349 2
2317428 11972661 17
7723964 11974777 3
5357455 12130851 2
2617266 12140880 0
4605527 12147550 63
7723964 12155594 18
2201917 12213252 11
2139134 12401570 46
5832368 12417361 6
6290531 12420055 0
8500283 12425801 2
2471935 12437754 1
5033012 12441592 36
5357455 12480136 2
3996938 12484767 0
5763304 12531381 0
2471935 12553902 2
2591036 12579068 3
2150078 12651574 2
3349121 12656159 64
8500283 12724687 3
7723964 12848371 0
4165414 12866267 4
7723964 12883024 2
5033012 12934636 0
6343166 13044412 12
2617266 13046700 4
5763304 13105409 1
5495225 13122204 0
3916330 13173458 11
2617266 13219789 9
2317428 13232541 2
3226495 13233771 17
2322234 13234372 1
2695746 13244470 7
5832368 13250584 1
5763304 13278191 1
6070805 13278915 2
8181828 13305015 2
5105354 13306632 25
4617898 13313786 0
5033012 13377239 6
4946295 13381228 178
2317428 13387833 3
6330260 13468685 33
2591036 13480048 7
3035692 13480188 45
2617266 13522436 2
2644134 13578537 8
6290531 13582036 12
5105354 13583534 14
6330260 13604666 5
2644134 13772131 1
3495890 13796159 34
3166501 13802113 12
6070805 13819353 1
2317428 13830239 6
3647993 13844748 0
3349121 13874265 44
7723964 13925130 28
2139134 13943051 2
2403632 13974993 5
3035692 13984237 -1
2591036 13988865 17
2322234 14001241 4
2695746 14027682 2
2591036 14055176 10
3226495 14104548 0
2591036 14115809 127
8500283 14167949 180
4894885 14183719 0
6290531 14203640 3
2201917 14231438 8
3916330 14234266 0
5832368 14284583 2
3495890 14307398 0
5832368 14370196 62
2795833 14376004 0
8181828 14426803 11
2459916 14436540 4
6343166 14443056 102
2217753 14477694 2
4617898 14483533 19
4946295 14500711 1
2973270 14558090 3
2322234 14629300 0
3916330 14638784 2
2644134 14661176 25
3624280 14679351 5
8500283 14739959 31
6290531 14748540 3
4617898 14810791 0
2795833 14847639 0
3145089 14893957 3
3647993 14895112 2
2795833 14929272 9
3331527 14937046 3
3624280 14999278 2
2459916 15032283 65
2795833 15089100 -1
4617898 15104672 0
4165414 15206641 0
2160619 15213567 3
3996938 15246818 0
2459916 15262656 4
2617266 15323079 4
3647993 15341203 17
5495225 15356123 0
2644134 15362289 4
5763304 15426849 10
2617266 15431632 -1
4605527 15495497 -1
4165414 15512509 2
3035692 15555203 26
5694933 15612964 30
3226495 15643706 0
6200533 15676454 30
8500283 15787458 1
6176391 15812376 1
2973270 15820608 1
2471935 15894562 0
3226495 15939069 12
6495898 15946775 26
2317428 16030295 3
2695746 16129435 6
4165414 16176277 3
2139134 16176816 9
2271131 16188355 1
2591036 16230541 7
2973270 16275257 25
2471935 16293557 30
3226495 16332569 0
3145089 16357088 1
2736389 16365132 0
3647993 16410772 1
6290531 16556947 3
3624280 16566072 13
3611457 16599549 10
2736389 16638897 9
5357455 16672777 1
5357455 16684661 7
3624280 16684961 6
5357455 16761295 2
6176391 16795598 4
4894885 16816387 1
6495898 16819446 6
5033012 16879984 -1
8500283 16887770 12
5495225 16975053 0
5033012 17111204 1
4894885 17180709 1
6520718 17189717 0
2169649 17285119 5
5033012 17292014 0
2139134 17306595 2
2459916 17364726 1
4605527 17428095 0
6070805 17443087 9
5357455 17589748 1
2973270 17615220 2
6343166 17731654 6
3495890 17765520 9
5033012 17782522 38
7723964 17832632 6
5832368 17867711 -1
4605527 17880012 29
6176391 17882013 2
3331527 17922680 -2
5033012 17974541 0
3495890 18046750 3
2471935 18052133 3
2217753 18076820 0
2736389 18165425 7
5832368 18245851 0
5495225 18302284 0
6290531 18328031 1
6290531 18369196 3
6070805 18391338 0
2403632 18647243 6
5832368 18654524 1
6520718 18672441 3
4165414 18718577 10
2160619 18727638 1
5763304 18733052 1
6343166 18849603 5
3145089 18865585 1
3611457 18892575 0
2322234 18924340 2
2617266 18958550 0
2459916 18961787 0
3495890 18966430 2
5832368 18975531 -1
2271131 18980901 3
2150078 18992807 18
5105354 19004929 0
6520718 19081916 1
3611457 19091392 0
3349121 19128552 2
2644134 19145665 1
5033012 19243628 2
3166501 19256186 16
6495898 19284490 8
6343166 19332914 -8
2150078 19354201 14
3331527 19391925 8
4605527 19393880 10
6520718 19416448 10
3166501 19426335 9
3916330 19446772 1
3349121 19462514 0
2139134 19464119 3
2160619 19487453 1
3035692 19517172 4
2459916 19540754 9
4946295 19580153 1
2736389 19700319 4
4165414 19828165 8
5694933 19831753 3
2169649 19854415 0
6070805 19922892 0
3647993 19924380 1
5694933 19982451 6
3647993 19996541 0
3611457 20017878 4
2169649 20021099 2
5832368 20175708 1
6330260 20214851 2
2139134 20234920 1
2973270 20268027 11
3349121 20325852 10
2201917 20356409 2
6176391 20382468 2
3996938 20387825 0
2150078 20424575 1
5033012 20426634 5
4894885 20521274 0
2139134 20607791 2
2201917 20674499 2
6343166 20762621 7
3647993 20886833 0
4946295 20892441 7
6343166 20937422 4
4617898 20940912 9
4946295 21012461 5
2317428 21076218 1
2322234 21082229 0
4894885 21084350 0
6343166 21107128 6
5105354 21130582 3
2322234 21142395 3
3226495 21174405 0
2160619 21196314 5
5763304 21231929 0
2736389 21255137 6
6343166 21284021 13
2150078 21300175 1
8500283 21358940 13
2780102 21363768 2
4617898 21410296 0
2591036 21434165 14
3647993 21435106 0
2471935 21477143 1
2169649 21488062 4
2169649 21517011 3
4605527 21521919 1
4617898 21640324 2
2736389 21658902 2
6070805 21705055 1
4605527 21732837 9
3331527 21735291 0
4165414 21748552 0
3495890 21767663 0
4605527 21774531 1
5033012 21851157 8
3495890 21878703 2
6176391 21884934 0
6290531 21905089 2
2169649 21934076 0
2150078 21946176 3
5763304 22066871 2
4165414 22093509 0
2471935 22108038 2
6343166 22115167 3
3495890 22138364 0
6495898 22175107 14
4617898 22269881 0
2795833 22375569 0
3624280 22404228 5
3647993 22429097 1
4617898 22455495 0
3916330 22532358 0
6290531 22567853 2
6495898 22739009 6
3495890 22751867 0
5033012 22932659 0
2201917 22932726 2
6070805 22973944 1
3226495 22983581 2
6200533 23086334 1
2471935 23128702 3
5495225 23143089 0
7723964 23218415 0
3349121 23240068 0
4894885 23548998 2
3624280 23556228 1
2160619 23561174 0
2271131 23603331 2
5357455 23816494 0
6330260 23824210 3
4165414 23844422 3
2471935 23865531 6
2459916 23885808 6
2201917 23891973 5
5495225 23909350 0
3035692 23924441 2
4946295 23931483 3
3611457 23952064 0
3035692 23954355 2
8181828 23975081 0
3035692 23994183 10
5357455 24014006 3
3916330 24026132 0
2591036 24103226 5
2471935 24134425 2
6290531 24147053 3
6290531 24158002 0
6343166 24175886 2
4617898 24231539 1
3145089 24273312 0
3624280 24285057 0
5694933 24336742 0
3331527 24355595 6
3166501 24385733 3
6343166 24396701 2
5357455 24397810 0
7723964 24410559 0
5105354 24445970 -1
6290531 24482847 2
3145089 24549771 0
2150078 24558553 0
5832368 24609551 -2
6290531 24624944 4
5357455 24632346 0
3331527 24637101 -1
3495890 24645448 1
6070805 24649791 0
3624280 24658426 0
4946295 24675760 0
3495890 24710369 4
6290531 24757832 0
6343166 24773389 3
3916330 24794396 0
2201917 24803887 0
4617898 24809258 1
8181828 24809944 0
6343166 24864462 2
2271131 24879369 0
8181828 24883303 0
2459916 24938889 0
2160619 24962497 0
4165414 24981382 0
6343166 24993517 3
5357455 25015474 0
6330260 25016158 3
5033012 25099117 0
3495890 25112450 0
6176391 25133309 0
6290531 25156934 5
3331527 25157333 0
6495898 25164439 1
3349121 25191846 0
5694933 25196520 2
2403632 25402864 0
2169649 25405935 0
3624280 25407674 2
6200533 25483262 0
6495898 25548516 2
6343166 25551789 1
5694933 25612858 0
8181828 25615932 0
2780102 25616982 1
2201917 25659478 0
2644134 25729376 1
2403632 25764891 0
4617898 25853290 1
3624280 25891286 0
3624280 25891501 0
3349121 25990341 1
5694933 25993873 -1
5105354 26012003 0
5832368 26028009 0
5105354 26034764 0
3647993 26041477 0
5105354 26136420 1
2780102 26139304 0
2150078 26152562 1
3611457 26207978 0
3331527 26239077 0
6290531 26265413 0
6495898 26331955 1
2459916 26342897 0
3611457 26363743 0
2150078 26371778 0
3996938 26379880 0
4894885 26412266 0
4165414 26417291 0
2150078 26428753 0
2973270 26453133 0
2459916 26471808 0
3624280 26484268 0
3495890 26541557 0
2169649 26571774 0
3611457 26601009 0
6176391 26662583 0
6343166 26662873 0
4605527 26677222 0
4946295 26683836 0
2591036 26686825 -1
11281010 11281048 21
11444238 11493752 84
11321129 11965637 0
11444238 12345118 12
11444238 12510563 0
11444238 12737234 4
11321129 12931048 3
11281010 13395801 1
11281010 13648873 21
13739785 13739821 5
13739785 13739822 6
13739785 13739827 0
13739785 13739852 2
13739785 13739859 1
13739785 13739875 4
13739785 13739885 2
13739785 13739947 0
13739785 13739970 0
13739785 13740035 1
13739785 13740040 0
13739785 13742624 0
11321129 14099276 3
11321129 14364222 47
11281010 14371563 1
11321129 14559964 3
11321129 15160364 3
11444238 15191076 5
11444238 15975836 -1
16143562 16143606 19
16143562 16143619 2
16143562 16143635 4
16143562 16143639 0
16143562 16143652 0
16143562 16143697 2
16143562 16143710 2
16143562 16143725 1
16143562 16143998 0
16143562 16146139 0
11444238 16779155 3
11444238 17084811 0
11281010 17289911 5
11321129 17711254 0
11444238 17969768 0
11444238 18554331 1
11444238 18782109 1
11281010 18871043 14
11281010 19073756 6
11321129 19165723 0
11281010 19831522 7
11281010 20236362 1
11444238 20243534 0
11321129 22111666 0
8500283 22235644 7
11321129 22262252 0
11321129 22316328 1
11281010 22372292 0
11281010 22547112 3
8500283 23028870 0
11321129 23184686 3
11321129 23522617 5
11281010 23737179 0
11281010 24115276 0
8500283 25010188 3
11444238 25064793 0
11281010 25697943 0
11321129 25972437 1
11321129 26251197 0
8500283 26369409 0
16143562 26567363 1
