151777
419184
454315
477572
531427
541966
574195
600207
660151
867518
1016896
1101380
1109022
1397361
1556987
1560788
1667278
1724937
1851633
2091465
2130932
2139134
2150078
2160619
2169649
2201917
2217753
2271131
2317428
2322234
2403632
2459916
2471935
2591036
2617266
2644134
2695746
2736389
2780102
2795833
2973270
3035692
3145089
3166501
3226495
3331527
3349121
3495890
3611457
3624280
3647993
3916330
3996938
4165414
4605527
4617898
4894885
4946295
5033012
5105354
5357455
5495225
5694933
5763304
5832368
6070805
6176391
6200533
6290531
6330260
6343166
6495898
6520718
7723964
8181828
8500283
11281010
11321129
11444238
13739785
16143562
