151940	1	1
439486	1	0
456941	1	0	
559781	1	1
823966	1	1
911407	1	1
1109108 1	0
2091482	1	0
2131051	1	0	
2141166	1	1	
2318356	0	1
2418314	1	0
2591311 0	0
2636538	0	1
2644266	1	0
2969715	0	1
3035869	1	0
3145655	1	1
3166551	0	0
3226743	1	0
3292810	1	1	
3419987	0	1
3427058	1	1
3495908	1	1
3624311	1	0
3916700	1	1
4009133	1	1
4105966	1	0
4129191	0	0
4325239	0	1
4401227	0	0
4464674	0	0
4545437	0	0
4618185	1	0
4737265	1	0
4847027	1	0
4894936	1	1
5093734	0	1
5097838 1	0
5106399	1	0
5185587	0	1
5273295	1	1
5323437	0	0
5535672	1	1
5626213	1	1
5763338 0	0
5763815	1	1
5921190	0	1
6070857	1	1
6200598	1	0
6236110	1	1
6290587	0	0
6330456	1	0
6343299	1	1
6486348	1	0
6496013	1	1
6521076	1	0
6763689	0	1
6931618	0	0
6946936	1	0
7429366 1	0
7596063	0	0
7649880 0	1
7827593	1	1
7875656	1	1
8008216	0	1
8097801	0	1
8272212	1	1
8497703	0	1
8987735	1	0
9045507	1	1
9127423	1	1
9148893	0	1
9288544	0	1
9563438	0	1
9624844	0	1
10044003 0	1
10198865 1	1
11126637 1	1
11656129 1	1
11867718 0	1
12022627 0	0
12213252 0	0
12298472 0	0
12345118 0	1
12437754 0	0
12439378 0	1
12484767 0	1
12579068 1	0
13122204 1	0
13381228 1	1
13648873 0	1
13772131 0	0
14027682 0	1
14167949 1	1
14183719 0	1
14364222 1	0
14477694 1	1
14810791 0	1
15431632 0	0
15495497 0	1
15612964 0	1
15975836 1	1
16143652 0	0
16143710 0	0
16332569 0	1
16365132 1	0
16599549 1	1
16862490 1	0
16879984 0	1
17189717 0	0
17738487 1	1
17867711 1	1
17922680 0	1
18529339 0	1
19854415 0	1
20234920 0	1
20584974 1	1
20586544 0	1
20718356 0	1
21471645 1	1
22372292 0	0
22375569 0	0
22751867 1	1
23028870 1	0
23218415 1	1
24026132 0	0
24158002 0	1
24168871 0	1
24339989 1	0
24473783 1	0
24549771 1	1
24558553 0	0
24632346 0	1
24649791 0	0
24729110 0	1
24809944 1	0
24879369 0	0
24938889 1	0
24962497 1	1
25133309 1	1
25191846 0	0
25304225 0	0
25483262 0	0
25659478 0	0
25764891 1	0
25891286 0	0
25971064 0	1
25993873 0	0
26034764 1	1
26134056 1	0
26139304 0	0
26251197 0	0
26331955 0	1
26417291 0	1
26555414 0	1
26601009 0	1
26662873 0	0
26666696 0	1
26683836 0	1